col_1,col_2,col_3,col_4,col_5,col_6,col_7,col_8,col_9,col_10,col_11,col_12,col_13,col_14,col_15,col_16,col_17,col_18,col_19,col_20,col_21,col_22,col_23,col_24,col_25,col_26,col_27,col_28,col_29,col_30,col_31,col_32,col_33,col_34,col_35,col_36,col_37,col_38,col_39,col_40,col_41,col_42,col_43,col_44,col_45,division
,Register Of Wills - Democrat,Judge Of The Court Of Common Pleas - Democrat,,,,,,,,,,,,,,,,,,,,,,,,,,,,,,,,,,,,,,,,,,,1
,Ronald R Donatucci,Kai Scott,Scott Diclaudio,Tracy B Roman,Ken Powell,Mia Roberts Perez,Abbe Fletman,Brian T Ortelere,Michael Fanning,Jennifer Schultz,Lyris Younge,Daine Grey Jr,Rainy Papademetriou,Edward William Louden Jr,Jon Marshall,Lynne M Summers,Leon Goodman,Chris Mallios,Vincent Furlong,Betsy Wahl,Deborah Watson Stokes,James F Berardinelli,Stephanie M Sawyer,Thomas Martin,Wayne M D Bennett,Rania Major,Vincent N Melchiorre,Anthony Kyriakakis,Sandjai Weaver,Stella Tsai,Frances Fattah,Leon A King Ii,Vince Giusini,William J Ciancaglini,Jodi Lobel,Lucretia Clemons,Shanese Johnson,Chris Mccabe,Tangie M Boston,Franklin A Bennett Iii,Joshua Hill,Marissa Brumbach,Sherman Toppin,Starr Marshall Cash,1
Ronald R Donatucci,2,18,20,20,19,18,15,12,15,13,14,12,10,11,13,11,11,9,6,7,8,5,7,7,8,7,7,5,6,6,3,5,4,5,4,3,3,3,3,2,2,2,2,2,1
Kai Scott,,0,7,7,9,16,10,9,13,4,10,9,7,4,7,6,2,5,2,5,3,2,2,2,3,4,5,5,5,4,2,4,2,2,2,2,1,2,1,0,2,0,2,2,1
Scott Diclaudio,,,0,13,10,8,10,5,8,6,12,8,4,7,11,5,9,7,4,2,3,4,3,4,4,2,7,0,2,0,2,1,3,2,0,2,2,1,0,2,1,1,0,1,1
Tracy B Roman,,,,1,10,8,8,2,8,7,9,7,3,7,10,5,7,6,4,4,6,3,5,3,2,2,7,0,2,1,1,1,2,2,2,2,3,1,2,1,1,2,2,1,1
Ken Powell,,,,,1,9,9,4,8,5,9,8,4,6,10,2,6,5,4,2,3,4,4,1,1,1,5,2,1,3,2,1,1,1,1,1,0,1,1,1,1,0,1,1,1
Mia Roberts Perez,,,,,,0,8,7,12,5,7,8,7,3,7,4,3,5,0,6,5,1,5,3,3,5,5,3,4,5,3,4,0,2,3,3,2,2,0,0,1,1,1,2,1
Abbe Fletman,,,,,,,0,9,6,10,7,11,6,3,9,4,5,9,5,3,1,7,2,3,3,1,6,4,1,3,1,1,2,2,1,2,2,0,0,1,0,0,0,1,1
Brian T Ortelere,,,,,,,,1,6,7,3,7,13,4,4,2,4,3,5,1,1,8,1,3,3,3,0,4,3,2,0,1,1,2,0,1,0,1,0,1,1,0,0,0,1
Michael Fanning,,,,,,,,,1,1,7,5,4,5,5,4,3,4,1,2,4,0,3,4,5,2,6,1,3,1,2,2,1,2,0,1,1,2,1,1,2,1,2,1,1
Jennifer Schultz,,,,,,,,,,0,4,8,7,4,5,5,6,4,6,5,4,6,5,4,2,3,1,2,1,4,1,2,3,2,2,1,3,0,0,1,0,1,0,0,1
Lyris Younge,,,,,,,,,,,1,6,3,4,9,4,7,4,3,3,2,3,1,1,2,2,5,2,2,1,2,2,2,2,1,2,2,1,1,0,2,0,1,2,1
Daine Grey Jr,,,,,,,,,,,,1,7,4,8,3,4,4,5,2,1,7,1,0,0,1,4,1,2,2,1,2,0,0,1,2,0,0,0,0,0,0,1,0,1
Rainy Papademetriou,,,,,,,,,,,,,0,3,4,0,3,1,5,2,2,7,2,0,2,3,0,2,3,1,0,0,0,1,1,0,0,1,1,0,1,0,0,0,1
Edward William Louden Jr,,,,,,,,,,,,,,1,5,6,5,2,3,2,2,3,2,2,3,0,1,1,2,1,0,1,2,2,1,0,1,2,0,2,0,1,1,0,1
Jon Marshall,,,,,,,,,,,,,,,0,2,6,4,3,3,0,4,0,0,0,1,6,0,0,1,1,0,0,1,1,1,1,0,0,0,0,0,0,1,1
Lynne M Summers,,,,,,,,,,,,,,,,0,3,3,1,3,2,0,2,4,3,2,2,2,3,3,1,4,3,4,2,1,2,2,1,2,0,1,1,1,1
Leon Goodman,,,,,,,,,,,,,,,,,0,3,4,0,3,4,3,3,2,2,1,0,1,1,1,2,0,2,0,1,2,0,1,1,1,0,1,0,1
Chris Mallios,,,,,,,,,,,,,,,,,,0,1,1,2,2,3,2,3,0,4,3,0,1,1,0,2,2,0,1,2,0,0,2,0,0,0,0,1
Vincent Furlong,,,,,,,,,,,,,,,,,,,1,0,2,6,2,0,0,0,0,0,0,0,0,0,1,0,0,0,0,0,1,1,1,0,1,0,1
Betsy Wahl,,,,,,,,,,,,,,,,,,,,0,2,0,2,2,1,2,1,1,1,2,1,1,2,1,2,1,1,0,0,0,0,1,1,1,1
Deborah Watson Stokes,,,,,,,,,,,,,,,,,,,,,0,0,5,2,2,4,0,0,3,2,2,2,1,0,2,1,2,0,2,1,2,1,2,0,1
James F Berardinelli,,,,,,,,,,,,,,,,,,,,,,0,1,0,0,0,0,2,0,1,0,0,0,0,0,1,0,0,0,0,0,0,0,0,1
Stephanie M Sawyer,,,,,,,,,,,,,,,,,,,,,,,0,3,2,2,1,1,0,3,1,1,2,0,1,1,2,1,1,1,1,2,1,0,1
Thomas Martin,,,,,,,,,,,,,,,,,,,,,,,,0,3,2,1,1,1,2,2,2,3,2,0,0,1,1,0,1,0,1,0,0,1
Wayne M D Bennett,,,,,,,,,,,,,,,,,,,,,,,,,0,1,1,2,2,0,0,0,2,2,0,0,1,2,1,1,1,1,0,0,1
Rania Major,,,,,,,,,,,,,,,,,,,,,,,,,,0,0,1,4,3,1,3,1,0,2,2,1,0,1,0,1,1,0,0,1
Vincent N Melchiorre,,,,,,,,,,,,,,,,,,,,,,,,,,,0,0,0,0,1,0,1,1,0,1,1,1,0,0,0,1,0,1,1
Anthony Kyriakakis,,,,,,,,,,,,,,,,,,,,,,,,,,,,0,2,3,1,2,2,2,1,1,0,2,0,0,0,0,0,1,1
Sandjai Weaver,,,,,,,,,,,,,,,,,,,,,,,,,,,,,0,1,0,3,1,1,1,1,0,1,1,0,1,0,1,0,1
Stella Tsai,,,,,,,,,,,,,,,,,,,,,,,,,,,,,,0,2,3,1,1,3,1,1,1,0,0,0,1,0,1,1
Frances Fattah,,,,,,,,,,,,,,,,,,,,,,,,,,,,,,,0,2,1,1,1,0,0,1,0,0,0,0,0,1,1
Leon A King Ii,,,,,,,,,,,,,,,,,,,,,,,,,,,,,,,,0,1,1,1,1,0,1,0,0,0,0,1,1,1
Vince Giusini,,,,,,,,,,,,,,,,,,,,,,,,,,,,,,,,,0,0,0,0,0,1,0,1,0,1,0,0,1
William J Ciancaglini,,,,,,,,,,,,,,,,,,,,,,,,,,,,,,,,,,0,1,0,1,2,0,1,0,0,0,1,1
Jodi Lobel,,,,,,,,,,,,,,,,,,,,,,,,,,,,,,,,,,,0,1,1,1,1,0,0,1,0,1,1
Lucretia Clemons,,,,,,,,,,,,,,,,,,,,,,,,,,,,,,,,,,,,0,1,0,0,0,0,1,0,0,1
Shanese Johnson,,,,,,,,,,,,,,,,,,,,,,,,,,,,,,,,,,,,,0,0,0,0,0,1,0,0,1
Chris Mccabe,,,,,,,,,,,,,,,,,,,,,,,,,,,,,,,,,,,,,,0,0,0,0,1,0,1,1
Tangie M Boston,,,,,,,,,,,,,,,,,,,,,,,,,,,,,,,,,,,,,,,0,0,1,0,1,0,1
Franklin A Bennett Iii,,,,,,,,,,,,,,,,,,,,,,,,,,,,,,,,,,,,,,,,0,0,0,0,0,1
Joshua Hill,,,,,,,,,,,,,,,,,,,,,,,,,,,,,,,,,,,,,,,,,0,0,1,0,1
Marissa Brumbach,,,,,,,,,,,,,,,,,,,,,,,,,,,,,,,,,,,,,,,,,,0,0,0,1
Sherman Toppin,,,,,,,,,,,,,,,,,,,,,,,,,,,,,,,,,,,,,,,,,,,0,0,1
Starr Marshall Cash,,,,,,,,,,,,,,,,,,,,,,,,,,,,,,,,,,,,,,,,,,,,0,1
Total,49,21,21,21,20,20,19,18,18,17,17,16,15,13,13,12,11,10,10,9,9,9,8,8,8,7,7,6,6,6,5,5,5,5,4,4,4,3,3,2,2,2,2,2,1
,Register Of Wills - Democrat,Judge Of The Court Of Common Pleas - Democrat,,,,,,,,,,,,,,,,,,,,,,,,,,,,,,,,,,,,,,,,,,,2
,Ronald R Donatucci,Ken Powell,Kai Scott,Leon Goodman,Mia Roberts Perez,Scott Diclaudio,Tracy B Roman,Daine Grey Jr,Jon Marshall,Brian T Ortelere,Jennifer Schultz,Lyris Younge,Abbe Fletman,Edward William Louden Jr,Deborah Watson Stokes,Rainy Papademetriou,Stephanie M Sawyer,Vincent Furlong,Michael Fanning,James F Berardinelli,Lucretia Clemons,Sherman Toppin,Thomas Martin,Lynne M Summers,Shanese Johnson,Stella Tsai,Vincent N Melchiorre,Wayne M D Bennett,Betsy Wahl,Chris Mallios,Frances Fattah,Leon A King Ii,Rania Major,Anthony Kyriakakis,Chris Mccabe,Franklin A Bennett Iii,Vince Giusini,William J Ciancaglini,Sandjai Weaver,Jodi Lobel,Joshua Hill,Marissa Brumbach,Starr Marshall Cash,Tangie M Boston,2
Ronald R Donatucci,6,18,14,14,14,14,14,13,13,11,13,14,9,10,10,8,12,11,7,4,9,8,6,8,9,9,6,5,5,5,7,6,5,5,6,4,4,4,3,2,2,3,3,3,2
Ken Powell,,1,6,12,5,8,9,6,13,4,7,8,3,9,3,5,2,3,3,3,0,4,5,2,0,2,2,3,1,4,3,3,2,1,0,2,2,0,1,0,2,1,1,1,2
Kai Scott,,,2,5,8,4,5,7,4,8,5,5,7,2,5,6,5,4,6,2,3,3,4,2,3,3,4,3,4,5,3,4,3,1,3,1,1,2,2,1,1,1,1,1,2
Leon Goodman,,,,0,4,9,8,5,13,3,7,5,3,8,6,2,1,3,2,3,2,4,6,3,2,1,2,4,1,3,4,5,3,0,0,4,0,2,1,0,2,1,1,0,2
Mia Roberts Perez,,,,,1,4,6,6,4,5,7,6,4,2,8,3,10,4,5,1,7,6,1,6,3,7,4,2,4,5,2,2,4,3,3,2,2,3,0,1,2,1,2,3,2
Scott Diclaudio,,,,,,1,11,4,10,7,4,7,6,8,1,3,2,2,3,3,4,2,2,2,2,3,5,6,0,2,2,1,2,1,2,2,1,2,1,1,2,2,0,0,2
Tracy B Roman,,,,,,,0,6,10,6,6,8,4,9,4,5,5,4,4,3,4,1,3,5,2,4,5,2,1,2,2,1,2,1,2,0,2,3,1,0,0,2,0,2,2
Daine Grey Jr,,,,,,,,0,5,4,9,7,8,3,6,5,5,4,2,4,3,3,3,4,4,3,2,3,4,3,1,2,3,2,2,0,1,0,1,3,1,0,1,1,2
Jon Marshall,,,,,,,,,1,5,7,8,4,7,3,4,2,4,3,2,1,2,4,3,2,1,2,4,0,2,2,3,2,0,0,3,1,1,1,0,2,1,2,1,2
Brian T Ortelere,,,,,,,,,,0,6,2,7,3,2,10,3,5,4,4,4,1,3,0,1,3,4,4,2,0,2,0,1,2,2,2,2,2,1,0,2,1,0,2,2
Jennifer Schultz,,,,,,,,,,,0,3,6,3,6,6,6,5,1,6,3,2,2,6,3,6,0,4,5,3,2,3,4,3,1,2,2,1,0,1,0,0,1,2,2
Lyris Younge,,,,,,,,,,,,0,3,7,3,3,6,5,3,1,2,3,0,1,3,1,1,2,0,2,2,1,1,3,2,0,2,0,1,1,0,0,2,1,2
Abbe Fletman,,,,,,,,,,,,,0,3,2,5,4,4,2,5,5,0,4,1,3,3,5,3,4,3,1,1,1,2,4,1,1,1,1,2,1,1,1,0,2
Edward William Louden Jr,,,,,,,,,,,,,,0,2,3,1,4,3,3,2,1,2,1,1,0,3,2,0,1,3,2,0,2,2,2,3,1,2,1,0,2,0,0,2
Deborah Watson Stokes,,,,,,,,,,,,,,,0,0,6,5,2,1,5,4,3,3,2,4,1,2,4,3,3,3,2,2,3,2,1,3,1,0,1,1,1,2,2
Rainy Papademetriou,,,,,,,,,,,,,,,,0,3,3,2,4,2,1,3,1,0,1,2,1,1,0,2,1,1,2,2,0,3,1,0,0,0,0,0,1,2
Stephanie M Sawyer,,,,,,,,,,,,,,,,,0,4,2,1,6,4,1,4,4,7,2,0,4,3,3,2,2,3,3,1,1,1,0,1,0,1,2,3,2
Vincent Furlong,,,,,,,,,,,,,,,,,,0,3,2,3,0,2,2,1,2,2,2,1,1,3,2,1,3,2,3,1,2,2,1,0,1,1,2,2
Michael Fanning,,,,,,,,,,,,,,,,,,,0,3,1,1,1,3,2,0,4,1,0,3,1,2,1,0,2,2,1,1,1,0,0,1,1,1,2
James F Berardinelli,,,,,,,,,,,,,,,,,,,,1,0,1,2,2,2,0,1,2,1,1,1,1,1,1,0,1,1,0,1,0,0,1,0,0,2
Lucretia Clemons,,,,,,,,,,,,,,,,,,,,,0,2,3,3,2,5,5,2,4,2,2,2,0,3,5,2,2,3,0,1,1,1,0,2,2
Sherman Toppin,,,,,,,,,,,,,,,,,,,,,,0,2,1,1,3,1,2,0,2,2,2,2,2,1,0,2,2,0,0,2,1,1,0,2
Thomas Martin,,,,,,,,,,,,,,,,,,,,,,,0,1,0,1,4,3,2,2,3,4,1,2,2,3,2,1,1,0,2,1,0,0,2
Lynne M Summers,,,,,,,,,,,,,,,,,,,,,,,,0,3,4,2,1,2,2,0,2,4,1,1,1,1,2,0,1,0,1,1,1,2
Shanese Johnson,,,,,,,,,,,,,,,,,,,,,,,,,0,2,1,1,2,0,1,2,2,0,0,1,0,0,1,1,0,1,1,1,2
Stella Tsai,,,,,,,,,,,,,,,,,,,,,,,,,,0,2,1,4,2,1,1,3,2,2,1,0,1,0,1,1,1,0,2,2
Vincent N Melchiorre,,,,,,,,,,,,,,,,,,,,,,,,,,,0,1,2,3,2,1,0,1,3,2,2,3,2,1,1,2,0,0,2
Wayne M D Bennett,,,,,,,,,,,,,,,,,,,,,,,,,,,,1,1,1,1,2,2,2,1,2,2,1,0,1,2,0,0,0,2
Betsy Wahl,,,,,,,,,,,,,,,,,,,,,,,,,,,,,0,2,0,1,1,2,2,1,1,1,1,2,0,0,0,2,2
Chris Mallios,,,,,,,,,,,,,,,,,,,,,,,,,,,,,,0,1,2,0,0,2,1,0,1,0,0,0,1,2,0,2
Frances Fattah,,,,,,,,,,,,,,,,,,,,,,,,,,,,,,,0,3,0,1,1,2,1,1,1,0,0,1,0,0,2
Leon A King Ii,,,,,,,,,,,,,,,,,,,,,,,,,,,,,,,,0,2,1,1,3,1,0,1,0,0,1,0,0,2
Rania Major,,,,,,,,,,,,,,,,,,,,,,,,,,,,,,,,,1,1,0,1,0,1,0,1,1,0,0,0,2
Anthony Kyriakakis,,,,,,,,,,,,,,,,,,,,,,,,,,,,,,,,,,0,2,1,3,1,0,1,0,0,0,1,2
Chris Mccabe,,,,,,,,,,,,,,,,,,,,,,,,,,,,,,,,,,,0,0,2,2,0,1,0,0,1,0,2
Franklin A Bennett Iii,,,,,,,,,,,,,,,,,,,,,,,,,,,,,,,,,,,,0,0,0,1,0,1,1,0,1,2
Vince Giusini,,,,,,,,,,,,,,,,,,,,,,,,,,,,,,,,,,,,,0,2,0,0,0,0,0,0,2
William J Ciancaglini,,,,,,,,,,,,,,,,,,,,,,,,,,,,,,,,,,,,,,0,0,0,0,1,0,0,2
Sandjai Weaver,,,,,,,,,,,,,,,,,,,,,,,,,,,,,,,,,,,,,,,0,1,0,2,0,0,2
Jodi Lobel,,,,,,,,,,,,,,,,,,,,,,,,,,,,,,,,,,,,,,,,0,0,0,0,0,2
Joshua Hill,,,,,,,,,,,,,,,,,,,,,,,,,,,,,,,,,,,,,,,,,0,0,0,0,2
Marissa Brumbach,,,,,,,,,,,,,,,,,,,,,,,,,,,,,,,,,,,,,,,,,,0,0,0,2
Starr Marshall Cash,,,,,,,,,,,,,,,,,,,,,,,,,,,,,,,,,,,,,,,,,,,0,0,2
Tangie M Boston,,,,,,,,,,,,,,,,,,,,,,,,,,,,,,,,,,,,,,,,,,,,0,2
Total,59,23,20,20,19,19,19,18,18,17,16,16,14,13,12,12,12,12,11,10,10,10,10,9,9,9,9,9,7,7,7,7,7,6,6,5,5,5,4,3,3,3,3,3,2
,Register Of Wills - Democrat,Judge Of The Court Of Common Pleas - Democrat,,,,,,,,,,,,,,,,,,,,,,,,,,,,,,,,,,,,,,,,,,,3
,Ronald R Donatucci,Ken Powell,Tracy B Roman,Scott Diclaudio,Jon Marshall,Kai Scott,Brian T Ortelere,Daine Grey Jr,Lyris Younge,Jennifer Schultz,Mia Roberts Perez,Abbe Fletman,Leon Goodman,Lynne M Summers,Michael Fanning,Rainy Papademetriou,Chris Mallios,James F Berardinelli,Anthony Kyriakakis,Vincent Furlong,Frances Fattah,Leon A King Ii,Lucretia Clemons,Stephanie M Sawyer,Vincent N Melchiorre,Edward William Louden Jr,Joshua Hill,Sandjai Weaver,Thomas Martin,Deborah Watson Stokes,Marissa Brumbach,Sherman Toppin,Wayne M D Bennett,Betsy Wahl,Jodi Lobel,Stella Tsai,William J Ciancaglini,Franklin A Bennett Iii,Tangie M Boston,Vince Giusini,Chris Mccabe,Rania Major,Shanese Johnson,Starr Marshall Cash,3
Ronald R Donatucci,5,18,17,17,17,10,9,13,13,12,9,10,11,10,6,7,7,8,7,8,6,7,6,7,5,5,5,5,5,4,5,6,6,4,4,5,5,4,3,4,2,3,2,2,3
Ken Powell,,0,9,12,10,3,2,7,7,4,2,4,7,3,3,3,3,3,1,4,4,4,2,2,4,3,2,2,2,1,0,1,2,2,2,1,4,2,0,1,1,0,2,0,3
Tracy B Roman,,,0,10,8,3,3,6,10,6,3,6,7,6,3,4,3,2,2,5,3,2,3,3,2,2,2,4,3,3,2,3,3,1,0,2,4,2,1,2,1,1,1,0,3
Scott Diclaudio,,,,1,13,5,4,6,9,6,4,5,7,3,3,3,3,2,4,3,3,5,4,1,3,3,3,3,2,0,1,0,4,1,1,2,3,3,1,2,1,2,1,1,3
Jon Marshall,,,,,0,5,5,6,9,7,4,6,5,4,3,4,3,4,3,4,3,3,2,2,4,3,2,2,2,0,2,2,3,2,1,2,2,1,1,1,1,2,0,1,3
Kai Scott,,,,,,1,8,5,5,1,11,6,3,2,8,6,7,1,3,1,1,2,3,3,4,0,2,1,3,3,2,1,4,0,3,1,1,0,2,0,2,1,1,2,3
Brian T Ortelere,,,,,,,0,5,2,6,6,6,5,2,5,9,3,6,3,2,2,1,2,2,3,1,2,2,3,1,0,2,2,1,0,1,0,2,1,1,1,1,0,0,3
Daine Grey Jr,,,,,,,,0,7,6,5,7,3,6,4,3,4,5,4,4,3,4,2,4,3,2,2,5,1,3,3,4,1,2,4,3,1,2,4,2,1,0,1,2,3
Lyris Younge,,,,,,,,,0,3,4,4,5,4,4,2,4,1,2,4,1,2,3,2,2,3,1,2,2,1,3,3,1,1,2,2,2,1,2,2,2,1,0,2,3
Jennifer Schultz,,,,,,,,,,0,2,5,3,8,0,2,0,5,3,5,3,4,3,3,2,1,1,2,2,3,2,2,3,3,1,4,3,3,2,3,0,3,1,0,3
Mia Roberts Perez,,,,,,,,,,,0,3,1,2,8,5,5,1,0,1,2,1,0,4,4,0,2,0,1,3,2,1,1,0,3,3,0,1,2,0,1,0,0,1,3
Abbe Fletman,,,,,,,,,,,,0,2,4,2,2,4,3,4,1,2,2,4,2,4,0,1,3,2,2,2,2,1,2,1,1,1,1,2,2,2,2,0,0,3
Leon Goodman,,,,,,,,,,,,,0,4,2,4,4,2,1,3,2,1,2,2,1,3,4,1,4,1,2,2,4,1,0,0,2,2,0,1,0,1,1,0,3
Lynne M Summers,,,,,,,,,,,,,,0,2,1,1,1,2,5,3,3,3,3,1,1,2,3,3,3,4,3,3,3,2,3,2,3,2,3,0,2,1,0,3
Michael Fanning,,,,,,,,,,,,,,,1,6,5,0,1,1,0,1,1,1,2,1,3,0,1,0,1,2,1,0,1,0,0,0,0,0,1,0,0,1,3
Rainy Papademetriou,,,,,,,,,,,,,,,,0,3,3,1,4,1,0,2,1,2,1,2,1,2,0,1,2,1,1,0,0,0,0,0,0,1,0,0,0,3
Chris Mallios,,,,,,,,,,,,,,,,,0,2,1,2,1,1,2,2,4,0,3,0,1,0,2,2,1,1,1,0,0,0,0,0,1,0,0,1,3
James F Berardinelli,,,,,,,,,,,,,,,,,,0,4,3,2,1,1,2,2,2,1,1,1,1,0,2,0,1,1,2,1,1,1,0,0,0,0,0,3
Anthony Kyriakakis,,,,,,,,,,,,,,,,,,,0,2,1,3,4,0,0,2,2,3,1,0,1,1,2,1,1,1,1,0,1,1,0,2,0,1,3
Vincent Furlong,,,,,,,,,,,,,,,,,,,,0,2,2,3,2,1,0,1,1,2,1,2,3,1,2,2,3,3,1,1,1,0,1,0,0,3
Frances Fattah,,,,,,,,,,,,,,,,,,,,,0,2,1,4,2,0,3,2,2,2,1,0,1,3,1,2,1,1,1,0,0,0,1,0,3
Leon A King Ii,,,,,,,,,,,,,,,,,,,,,,0,2,2,0,0,1,3,0,0,0,2,1,1,3,2,2,1,0,2,1,2,1,1,3
Lucretia Clemons,,,,,,,,,,,,,,,,,,,,,,,0,1,2,0,2,2,2,0,3,1,2,2,1,1,2,1,1,2,1,2,0,1,3
Stephanie M Sawyer,,,,,,,,,,,,,,,,,,,,,,,,0,3,0,2,1,1,3,3,1,1,2,2,3,1,1,2,1,1,1,1,1,3
Vincent N Melchiorre,,,,,,,,,,,,,,,,,,,,,,,,,0,0,1,0,1,0,1,0,0,2,0,1,0,1,0,1,1,1,0,0,3
Edward William Louden Jr,,,,,,,,,,,,,,,,,,,,,,,,,,1,1,0,0,0,0,0,0,0,0,0,0,0,0,0,0,0,0,0,3
Joshua Hill,,,,,,,,,,,,,,,,,,,,,,,,,,,0,1,2,1,2,1,2,1,1,1,1,1,0,0,0,0,1,0,3
Sandjai Weaver,,,,,,,,,,,,,,,,,,,,,,,,,,,,0,1,0,1,2,1,1,1,0,0,2,1,2,0,0,1,1,3
Thomas Martin,,,,,,,,,,,,,,,,,,,,,,,,,,,,,0,1,0,1,3,1,0,0,2,2,0,1,1,0,1,0,3
Deborah Watson Stokes,,,,,,,,,,,,,,,,,,,,,,,,,,,,,,0,2,0,2,1,2,2,1,0,3,0,0,0,1,0,3
Marissa Brumbach,,,,,,,,,,,,,,,,,,,,,,,,,,,,,,,0,1,1,1,1,2,0,0,3,1,0,1,0,1,3
Sherman Toppin,,,,,,,,,,,,,,,,,,,,,,,,,,,,,,,,0,0,0,2,1,1,1,0,1,1,0,0,1,3
Wayne M D Bennett,,,,,,,,,,,,,,,,,,,,,,,,,,,,,,,,,0,1,0,0,2,1,1,0,0,1,1,1,3
Betsy Wahl,,,,,,,,,,,,,,,,,,,,,,,,,,,,,,,,,,0,1,0,0,0,0,1,0,1,0,0,3
Jodi Lobel,,,,,,,,,,,,,,,,,,,,,,,,,,,,,,,,,,,0,2,1,0,1,0,1,0,0,1,3
Stella Tsai,,,,,,,,,,,,,,,,,,,,,,,,,,,,,,,,,,,,0,2,1,2,1,0,1,0,0,3
William J Ciancaglini,,,,,,,,,,,,,,,,,,,,,,,,,,,,,,,,,,,,,0,1,0,1,1,1,1,0,3
Franklin A Bennett Iii,,,,,,,,,,,,,,,,,,,,,,,,,,,,,,,,,,,,,,0,0,2,0,0,1,0,3
Tangie M Boston,,,,,,,,,,,,,,,,,,,,,,,,,,,,,,,,,,,,,,,0,0,0,0,0,1,3
Vince Giusini,,,,,,,,,,,,,,,,,,,,,,,,,,,,,,,,,,,,,,,,0,0,2,1,0,3
Chris Mccabe,,,,,,,,,,,,,,,,,,,,,,,,,,,,,,,,,,,,,,,,,0,0,0,1,3
Rania Major,,,,,,,,,,,,,,,,,,,,,,,,,,,,,,,,,,,,,,,,,,0,0,0,3
Shanese Johnson,,,,,,,,,,,,,,,,,,,,,,,,,,,,,,,,,,,,,,,,,,,1,0,3
Starr Marshall Cash,,,,,,,,,,,,,,,,,,,,,,,,,,,,,,,,,,,,,,,,,,,,0,3
Total,51,21,21,20,19,18,15,15,15,14,14,13,13,13,12,11,10,10,9,9,8,8,8,8,8,7,7,7,7,6,6,6,6,5,5,5,5,4,4,4,3,3,3,2,3
,Register Of Wills - Democrat,Judge Of The Court Of Common Pleas - Democrat,,,,,,,,,,,,,,,,,,,,,,,,,,,,,,,,,,,,,,,,,,,4
,Ronald R Donatucci,Tracy B Roman,Lyris Younge,Ken Powell,Scott Diclaudio,Leon Goodman,Jennifer Schultz,Kai Scott,Mia Roberts Perez,Daine Grey Jr,Lynne M Summers,Edward William Louden Jr,Jon Marshall,Rainy Papademetriou,Shanese Johnson,Vincent N Melchiorre,Frances Fattah,Abbe Fletman,Wayne M D Bennett,James F Berardinelli,Anthony Kyriakakis,Brian T Ortelere,Chris Mallios,Vincent Furlong,Jodi Lobel,Joshua Hill,Leon A King Ii,Lucretia Clemons,Marissa Brumbach,Stephanie M Sawyer,Betsy Wahl,Rania Major,Deborah Watson Stokes,Michael Fanning,Tangie M Boston,Thomas Martin,Sherman Toppin,William J Ciancaglini,Chris Mccabe,Starr Marshall Cash,Stella Tsai,Vince Giusini,Franklin A Bennett Iii,Sandjai Weaver,4
Ronald R Donatucci,6,30,25,25,24,23,19,18,17,15,18,17,16,13,17,14,14,11,12,11,11,9,7,11,10,11,10,11,10,9,9,9,9,7,9,9,6,6,4,5,4,4,4,4,4
Tracy B Roman,,1,19,20,14,13,8,8,7,11,6,11,12,5,8,8,6,7,5,8,4,5,5,6,2,4,6,5,2,4,4,7,3,4,1,4,4,2,2,1,2,0,0,1,4
Lyris Younge,,,0,18,13,13,9,11,10,9,8,11,11,3,7,8,5,8,9,4,6,5,6,5,3,4,7,5,3,4,4,5,4,1,3,2,3,2,2,2,0,2,1,2,4
Ken Powell,,,,0,14,13,9,8,7,9,8,10,13,4,9,9,5,7,7,5,5,4,7,8,2,4,7,4,3,4,3,6,1,5,1,4,2,3,0,2,0,1,1,0,4
Scott Diclaudio,,,,,0,11,9,4,6,8,8,10,10,6,4,10,3,4,4,6,5,6,6,5,2,4,3,0,3,3,0,2,4,3,3,5,2,2,2,1,0,2,4,3,4
Leon Goodman,,,,,,3,10,6,3,5,5,8,8,2,7,6,7,5,5,7,5,5,1,8,2,6,7,2,2,2,4,5,1,1,1,3,3,3,2,0,1,3,0,1,4
Jennifer Schultz,,,,,,,0,8,6,5,7,7,7,5,6,4,3,7,5,8,6,6,5,6,4,4,2,3,7,2,4,2,4,1,4,3,1,2,5,3,3,4,1,2,4
Kai Scott,,,,,,,,1,12,8,9,4,4,5,9,7,6,6,7,0,3,2,3,3,3,5,4,4,5,5,4,2,4,3,4,1,2,0,2,2,2,1,1,0,4
Mia Roberts Perez,,,,,,,,,1,4,9,5,3,5,6,6,3,7,5,3,3,2,3,2,3,2,2,4,8,7,4,2,2,4,3,3,1,2,1,2,4,3,0,0,4
Daine Grey Jr,,,,,,,,,,0,6,5,7,7,5,6,4,7,4,5,2,6,3,4,3,5,5,4,2,5,2,3,2,3,3,3,3,1,0,2,1,0,2,0,4
Lynne M Summers,,,,,,,,,,,0,7,3,7,8,7,5,3,5,2,3,1,1,6,6,5,4,7,4,2,2,5,4,2,5,5,2,1,0,3,2,2,1,0,4
Edward William Louden Jr,,,,,,,,,,,,0,6,3,4,2,2,2,4,6,1,4,1,3,2,3,2,4,3,1,0,3,2,1,1,3,0,0,0,1,1,1,1,0,4
Jon Marshall,,,,,,,,,,,,,0,4,5,2,4,4,4,3,4,6,2,4,1,3,3,0,1,1,0,2,1,1,2,2,3,0,1,1,0,1,1,2,4
Rainy Papademetriou,,,,,,,,,,,,,,1,4,3,4,4,1,3,2,6,1,5,1,3,2,2,1,1,1,3,2,4,3,4,3,0,0,0,2,0,1,0,4
Shanese Johnson,,,,,,,,,,,,,,,0,4,6,5,6,1,2,1,1,6,2,5,4,3,3,5,2,4,3,2,3,4,2,1,0,3,2,0,2,1,4
Vincent N Melchiorre,,,,,,,,,,,,,,,,0,5,4,4,3,4,1,5,3,4,2,4,1,2,4,2,1,2,4,1,2,1,3,2,1,1,2,2,0,4
Frances Fattah,,,,,,,,,,,,,,,,,1,1,4,1,1,2,2,3,0,5,3,1,2,1,1,3,2,2,2,5,3,0,1,0,1,0,1,0,4
Abbe Fletman,,,,,,,,,,,,,,,,,,0,5,4,4,2,3,3,4,1,2,3,5,4,6,2,0,1,0,0,1,2,1,1,2,3,0,0,4
Wayne M D Bennett,,,,,,,,,,,,,,,,,,,0,1,4,2,3,3,3,2,4,2,3,4,2,3,2,1,3,1,0,1,2,1,0,2,2,2,4
James F Berardinelli,,,,,,,,,,,,,,,,,,,,0,3,5,0,3,2,2,1,1,3,2,2,1,0,0,0,2,1,2,1,0,2,3,0,0,4
Anthony Kyriakakis,,,,,,,,,,,,,,,,,,,,,0,2,4,3,3,2,3,2,2,2,4,1,2,1,2,0,4,3,2,2,0,3,1,2,4
Brian T Ortelere,,,,,,,,,,,,,,,,,,,,,,0,2,3,1,3,2,0,1,0,0,1,0,3,2,2,1,0,0,1,1,1,1,1,4
Chris Mallios,,,,,,,,,,,,,,,,,,,,,,,1,0,2,1,1,1,3,2,3,2,1,4,2,3,1,2,2,3,0,2,2,1,4
Vincent Furlong,,,,,,,,,,,,,,,,,,,,,,,,0,0,5,2,2,2,2,1,4,1,1,2,3,2,1,1,0,0,1,0,1,4
Jodi Lobel,,,,,,,,,,,,,,,,,,,,,,,,,1,1,1,4,2,1,4,1,2,1,2,1,0,2,0,3,3,3,1,1,4
Joshua Hill,,,,,,,,,,,,,,,,,,,,,,,,,,0,3,3,2,2,2,2,1,1,3,4,3,2,0,1,1,0,2,0,4
Leon A King Ii,,,,,,,,,,,,,,,,,,,,,,,,,,,0,3,0,3,2,3,0,1,2,1,2,2,0,1,0,0,0,0,4
Lucretia Clemons,,,,,,,,,,,,,,,,,,,,,,,,,,,,0,2,1,4,4,3,1,3,1,2,3,0,3,2,0,0,0,4
Marissa Brumbach,,,,,,,,,,,,,,,,,,,,,,,,,,,,,0,5,5,1,1,2,1,3,0,2,2,1,3,3,0,0,4
Stephanie M Sawyer,,,,,,,,,,,,,,,,,,,,,,,,,,,,,,0,3,1,1,1,3,2,0,1,0,1,2,1,1,1,4
Betsy Wahl,,,,,,,,,,,,,,,,,,,,,,,,,,,,,,,0,2,1,1,1,1,2,3,1,1,3,2,0,0,4
Rania Major,,,,,,,,,,,,,,,,,,,,,,,,,,,,,,,,0,2,2,1,4,2,1,0,1,0,0,0,0,4
Deborah Watson Stokes,,,,,,,,,,,,,,,,,,,,,,,,,,,,,,,,,0,1,3,2,2,1,1,1,1,0,3,2,4
Michael Fanning,,,,,,,,,,,,,,,,,,,,,,,,,,,,,,,,,,0,0,3,0,1,0,2,1,0,1,0,4
Tangie M Boston,,,,,,,,,,,,,,,,,,,,,,,,,,,,,,,,,,,0,2,1,0,0,2,1,1,2,2,4
Thomas Martin,,,,,,,,,,,,,,,,,,,,,,,,,,,,,,,,,,,,0,2,0,0,1,1,1,2,1,4
Sherman Toppin,,,,,,,,,,,,,,,,,,,,,,,,,,,,,,,,,,,,,0,2,1,0,0,0,1,1,4
William J Ciancaglini,,,,,,,,,,,,,,,,,,,,,,,,,,,,,,,,,,,,,,0,1,1,1,1,1,0,4
Chris Mccabe,,,,,,,,,,,,,,,,,,,,,,,,,,,,,,,,,,,,,,,0,0,0,1,0,1,4
Starr Marshall Cash,,,,,,,,,,,,,,,,,,,,,,,,,,,,,,,,,,,,,,,,0,1,1,1,1,4
Stella Tsai,,,,,,,,,,,,,,,,,,,,,,,,,,,,,,,,,,,,,,,,,0,1,0,0,4
Vince Giusini,,,,,,,,,,,,,,,,,,,,,,,,,,,,,,,,,,,,,,,,,,0,0,1,4
Franklin A Bennett Iii,,,,,,,,,,,,,,,,,,,,,,,,,,,,,,,,,,,,,,,,,,,0,1,4
Sandjai Weaver,,,,,,,,,,,,,,,,,,,,,,,,,,,,,,,,,,,,,,,,,,,,0,4
Total,80,35,31,30,28,27,22,21,21,19,18,17,17,17,17,17,16,15,14,13,12,12,12,12,11,11,11,11,11,11,10,10,9,9,9,9,6,6,5,5,5,5,4,4,4
,Register Of Wills - Democrat,Judge Of The Court Of Common Pleas - Democrat,,,,,,,,,,,,,,,,,,,,,,,,,,,,,,,,,,,,,,,,,,,5
,Ronald R Donatucci,Kai Scott,Mia Roberts Perez,Michael Fanning,Brian T Ortelere,Daine Grey Jr,Abbe Fletman,Rainy Papademetriou,Tracy B Roman,Scott Diclaudio,Stephanie M Sawyer,Ken Powell,Leon Goodman,Jon Marshall,Lynne M Summers,Lyris Younge,James F Berardinelli,Leon A King Ii,Deborah Watson Stokes,Jennifer Schultz,Thomas Martin,Sandjai Weaver,Stella Tsai,Vince Giusini,Lucretia Clemons,Vincent Furlong,Frances Fattah,Shanese Johnson,Sherman Toppin,Chris Mccabe,Jodi Lobel,Rania Major,Wayne M D Bennett,Joshua Hill,Chris Mallios,Edward William Louden Jr,Marissa Brumbach,Tangie M Boston,Vincent N Melchiorre,Betsy Wahl,Anthony Kyriakakis,Starr Marshall Cash,William J Ciancaglini,Franklin A Bennett Iii,5
Ronald R Donatucci,2,23,19,16,17,14,15,16,16,17,11,15,12,16,15,12,8,9,9,10,11,7,8,8,10,8,8,9,9,7,8,7,6,5,5,6,6,3,4,4,3,3,4,2,5
Kai Scott,,0,17,14,13,10,11,14,8,11,7,9,5,11,5,4,4,7,6,1,8,5,5,6,4,3,4,4,5,3,3,2,5,5,4,1,2,3,4,1,2,2,1,2,5
Mia Roberts Perez,,,1,16,11,7,9,11,9,6,9,6,2,4,9,4,2,4,6,4,5,3,3,2,6,3,4,5,3,3,4,2,0,3,3,1,3,2,4,3,1,2,0,1,5
Michael Fanning,,,,3,11,4,10,10,5,8,5,6,2,5,4,3,2,2,3,3,5,1,2,3,3,2,1,1,1,5,2,1,1,0,4,1,0,0,4,0,2,2,2,0,5
Brian T Ortelere,,,,,2,6,7,14,6,8,1,7,2,8,3,4,4,4,2,3,6,1,0,3,1,3,1,1,3,1,1,1,2,0,0,3,0,0,1,0,1,0,0,0,5
Daine Grey Jr,,,,,,2,8,5,8,7,8,9,8,8,5,5,6,7,6,4,4,4,5,5,2,2,2,3,4,4,2,3,3,3,3,2,2,4,3,3,1,1,1,0,5
Abbe Fletman,,,,,,,0,6,8,7,4,9,7,8,6,2,1,5,3,5,5,0,3,3,2,4,1,3,4,3,2,4,2,0,4,1,3,1,5,2,2,1,2,0,5
Rainy Papademetriou,,,,,,,,0,8,8,4,7,3,7,3,2,4,4,1,5,5,1,2,3,2,3,1,2,1,0,2,1,2,3,0,1,1,0,2,0,1,0,1,1,5
Tracy B Roman,,,,,,,,,1,10,5,8,7,7,7,4,2,5,2,4,4,2,2,3,2,4,1,3,3,1,1,0,1,2,1,2,2,1,3,2,0,0,1,0,5
Scott Diclaudio,,,,,,,,,,0,2,6,5,8,3,3,3,4,1,2,5,1,2,6,2,2,1,3,3,2,2,1,2,1,2,2,1,0,2,0,0,0,1,0,5
Stephanie M Sawyer,,,,,,,,,,,1,4,6,3,7,3,4,6,9,4,2,5,6,4,7,3,5,4,1,2,4,3,4,3,1,0,3,6,3,5,1,2,0,0,5
Ken Powell,,,,,,,,,,,,0,6,11,4,5,2,4,1,1,6,1,1,1,0,3,2,1,4,2,1,1,3,1,2,2,2,0,5,1,1,1,1,0,5
Leon Goodman,,,,,,,,,,,,,1,7,4,5,4,8,5,2,3,5,4,5,1,3,4,2,4,2,1,2,4,3,1,5,1,3,2,1,2,1,2,0,5
Jon Marshall,,,,,,,,,,,,,,0,3,4,3,5,2,2,7,1,2,3,2,3,2,1,5,1,2,3,4,3,2,4,2,0,4,1,1,1,2,1,5
Lynne M Summers,,,,,,,,,,,,,,,0,3,2,4,7,7,2,4,6,1,7,4,6,6,3,2,6,5,0,1,0,1,5,3,0,4,0,1,1,1,5
Lyris Younge,,,,,,,,,,,,,,,,1,2,2,2,2,2,2,0,1,0,2,3,1,5,3,0,1,1,0,1,5,0,0,1,0,0,1,0,0,5
James F Berardinelli,,,,,,,,,,,,,,,,,1,4,4,5,2,4,3,4,1,2,2,0,1,1,1,0,4,2,0,2,1,3,0,0,1,0,1,1,5
Leon A King Ii,,,,,,,,,,,,,,,,,,0,6,0,4,5,3,6,1,3,4,3,3,0,1,2,5,4,0,2,1,3,0,2,1,0,0,0,5
Deborah Watson Stokes,,,,,,,,,,,,,,,,,,,0,4,1,6,5,3,5,0,6,3,1,2,2,3,3,2,1,2,2,6,0,4,1,2,0,0,5
Jennifer Schultz,,,,,,,,,,,,,,,,,,,,0,1,1,5,1,5,2,2,3,0,2,4,4,1,1,0,2,3,2,0,2,0,0,2,1,5
Thomas Martin,,,,,,,,,,,,,,,,,,,,,0,0,0,3,1,3,0,2,2,1,2,1,3,2,1,1,1,0,2,0,1,1,1,0,5
Sandjai Weaver,,,,,,,,,,,,,,,,,,,,,,0,4,4,3,1,6,4,0,2,1,1,3,3,1,2,0,4,0,1,1,1,0,1,5
Stella Tsai,,,,,,,,,,,,,,,,,,,,,,,0,2,7,0,3,3,1,0,4,5,4,2,0,1,3,3,0,1,0,0,0,1,5
Vince Giusini,,,,,,,,,,,,,,,,,,,,,,,,0,1,2,1,3,1,2,2,1,3,2,1,0,0,3,0,0,1,0,1,0,5
Lucretia Clemons,,,,,,,,,,,,,,,,,,,,,,,,,0,0,4,5,0,0,5,4,2,2,0,1,3,3,0,3,0,1,0,1,5
Vincent Furlong,,,,,,,,,,,,,,,,,,,,,,,,,,0,1,2,2,1,3,1,1,1,0,0,2,0,2,0,0,0,1,0,5
Frances Fattah,,,,,,,,,,,,,,,,,,,,,,,,,,,0,4,1,1,2,3,1,3,0,2,1,2,0,2,1,1,0,1,5
Shanese Johnson,,,,,,,,,,,,,,,,,,,,,,,,,,,,0,0,1,3,4,0,2,1,0,3,2,0,2,0,1,0,1,5
Sherman Toppin,,,,,,,,,,,,,,,,,,,,,,,,,,,,,0,1,1,1,2,0,1,2,2,0,0,0,0,1,0,0,5
Chris Mccabe,,,,,,,,,,,,,,,,,,,,,,,,,,,,,,0,1,0,0,0,3,1,0,0,2,0,2,2,3,0,5
Jodi Lobel,,,,,,,,,,,,,,,,,,,,,,,,,,,,,,,0,4,1,2,0,0,4,1,1,1,0,0,1,1,5
Rania Major,,,,,,,,,,,,,,,,,,,,,,,,,,,,,,,,0,0,1,0,1,2,1,0,2,0,0,0,1,5
Wayne M D Bennett,,,,,,,,,,,,,,,,,,,,,,,,,,,,,,,,,0,2,0,2,1,2,1,0,0,0,0,0,5
Joshua Hill,,,,,,,,,,,,,,,,,,,,,,,,,,,,,,,,,,0,0,1,1,1,1,1,1,0,1,2,5
Chris Mallios,,,,,,,,,,,,,,,,,,,,,,,,,,,,,,,,,,,0,0,0,0,2,0,1,2,1,0,5
Edward William Louden Jr,,,,,,,,,,,,,,,,,,,,,,,,,,,,,,,,,,,,0,0,0,0,0,0,0,0,0,5
Marissa Brumbach,,,,,,,,,,,,,,,,,,,,,,,,,,,,,,,,,,,,,0,1,1,1,0,0,0,0,5
Tangie M Boston,,,,,,,,,,,,,,,,,,,,,,,,,,,,,,,,,,,,,,0,0,3,1,1,0,0,5
Vincent N Melchiorre,,,,,,,,,,,,,,,,,,,,,,,,,,,,,,,,,,,,,,,0,0,1,1,1,0,5
Betsy Wahl,,,,,,,,,,,,,,,,,,,,,,,,,,,,,,,,,,,,,,,,0,0,1,0,0,5
Anthony Kyriakakis,,,,,,,,,,,,,,,,,,,,,,,,,,,,,,,,,,,,,,,,,0,1,1,0,5
Starr Marshall Cash,,,,,,,,,,,,,,,,,,,,,,,,,,,,,,,,,,,,,,,,,,1,1,0,5
William J Ciancaglini,,,,,,,,,,,,,,,,,,,,,,,,,,,,,,,,,,,,,,,,,,,0,1,5
Franklin A Bennett Iii,,,,,,,,,,,,,,,,,,,,,,,,,,,,,,,,,,,,,,,,,,,,0,5
Total,62,30,26,23,22,22,21,20,20,18,18,17,17,16,15,14,13,13,12,12,12,11,11,11,10,10,9,9,9,8,8,8,8,7,6,6,6,6,6,5,4,4,4,2,5
,Register Of Wills - Democrat,Judge Of The Court Of Common Pleas - Democrat,,,,,,,,,,,,,,,,,,,,,,,,,,,,,,,,,,,,,,,,,,,6
,Ronald R Donatucci,Tracy B Roman,Scott Diclaudio,Ken Powell,Mia Roberts Perez,Daine Grey Jr,Jon Marshall,Kai Scott,Michael Fanning,Abbe Fletman,Jennifer Schultz,Leon Goodman,Lynne M Summers,Lyris Younge,Stephanie M Sawyer,Edward William Louden Jr,Rania Major,Vincent N Melchiorre,Sandjai Weaver,Brian T Ortelere,Lucretia Clemons,Anthony Kyriakakis,Deborah Watson Stokes,Stella Tsai,Thomas Martin,Frances Fattah,Rainy Papademetriou,Sherman Toppin,Betsy Wahl,Chris Mallios,Chris Mccabe,Franklin A Bennett Iii,Leon A King Ii,Shanese Johnson,Vincent Furlong,James F Berardinelli,Starr Marshall Cash,Tangie M Boston,Wayne M D Bennett,Jodi Lobel,Joshua Hill,Marissa Brumbach,Vince Giusini,William J Ciancaglini,6
Ronald R Donatucci,3,20,19,18,17,19,14,15,12,15,13,12,12,13,11,10,11,8,10,7,10,8,9,7,7,8,6,8,6,6,6,5,5,6,6,5,4,5,4,4,2,3,3,2,6
Tracy B Roman,,1,14,10,8,8,8,5,7,6,8,4,7,8,5,6,6,5,3,2,3,2,3,4,2,4,1,2,4,4,1,2,0,2,2,2,0,2,4,2,1,2,1,0,6
Scott Diclaudio,,,1,12,8,11,10,8,9,9,5,6,5,9,3,6,2,7,5,5,3,2,1,4,1,4,3,2,2,4,2,3,2,2,1,2,1,1,4,3,0,0,1,0,6
Ken Powell,,,,1,8,11,12,6,8,9,6,7,4,10,6,6,4,6,6,2,4,3,4,3,2,4,2,3,1,4,2,2,1,3,4,2,1,2,1,1,0,0,0,1,6
Mia Roberts Perez,,,,,0,9,7,11,8,8,4,3,3,8,7,2,4,7,2,4,4,5,7,5,1,6,5,2,6,6,2,2,3,3,2,2,3,3,1,1,1,3,0,0,6
Daine Grey Jr,,,,,,0,7,10,8,9,6,5,5,7,5,3,6,6,7,4,6,3,5,3,3,3,3,5,2,4,3,2,3,3,3,3,3,2,2,2,1,1,2,1,6
Jon Marshall,,,,,,,0,6,5,8,3,6,2,7,2,4,2,4,6,2,4,2,2,5,1,3,1,2,1,3,2,1,2,3,3,1,1,2,1,1,1,0,1,0,6
Kai Scott,,,,,,,,0,9,7,2,0,2,6,5,1,4,7,3,5,3,2,3,4,1,3,5,3,2,5,3,0,2,3,2,2,3,0,1,2,0,1,2,0,6
Michael Fanning,,,,,,,,,2,6,2,2,0,7,5,2,1,6,2,5,0,1,2,1,1,2,4,2,1,5,1,1,0,1,2,1,1,1,2,1,0,0,0,0,6
Abbe Fletman,,,,,,,,,,0,2,5,4,7,2,1,3,6,4,3,2,4,3,5,1,2,3,3,2,5,4,3,2,2,2,0,2,1,1,2,1,0,0,2,6
Jennifer Schultz,,,,,,,,,,,1,3,7,5,7,6,6,1,5,0,5,1,4,1,3,3,0,3,2,0,0,0,2,3,3,2,1,3,3,1,2,2,1,0,6
Leon Goodman,,,,,,,,,,,,0,2,3,1,5,2,0,3,3,3,2,1,1,2,2,2,5,0,0,2,4,2,2,2,1,0,3,2,2,1,0,0,1,6
Lynne M Summers,,,,,,,,,,,,,0,3,4,4,6,0,3,2,4,2,4,3,3,2,2,1,1,0,2,2,2,2,1,3,1,2,3,2,0,1,2,1,6
Lyris Younge,,,,,,,,,,,,,,0,5,6,0,5,1,0,2,2,3,2,0,2,0,2,0,4,2,1,1,2,2,1,1,2,1,1,0,0,0,0,6
Stephanie M Sawyer,,,,,,,,,,,,,,,0,2,5,4,3,1,4,3,5,2,1,4,1,2,2,2,2,0,2,2,2,2,2,2,2,0,1,3,0,1,6
Edward William Louden Jr,,,,,,,,,,,,,,,,2,1,0,2,1,3,1,1,1,1,2,1,2,0,0,1,1,2,2,1,2,0,2,2,2,0,0,1,0,6
Rania Major,,,,,,,,,,,,,,,,,0,0,4,1,4,3,6,3,2,4,2,3,4,1,2,2,0,3,2,2,1,1,2,2,1,2,2,2,6
Vincent N Melchiorre,,,,,,,,,,,,,,,,,,3,3,1,1,4,0,3,0,1,1,0,2,4,1,0,1,1,1,1,1,0,0,1,0,1,0,1,6
Sandjai Weaver,,,,,,,,,,,,,,,,,,,0,2,5,4,2,4,2,2,1,2,2,1,2,1,2,2,1,2,2,1,1,1,1,0,1,2,6
Brian T Ortelere,,,,,,,,,,,,,,,,,,,,1,2,1,1,1,2,2,7,1,1,0,1,2,2,0,1,1,1,1,2,1,0,0,0,0,6
Lucretia Clemons,,,,,,,,,,,,,,,,,,,,,0,2,3,2,3,4,1,1,1,0,2,1,4,3,1,4,2,2,0,0,1,2,1,0,6
Anthony Kyriakakis,,,,,,,,,,,,,,,,,,,,,,0,3,2,0,1,1,2,3,1,3,2,2,0,2,2,2,2,0,2,0,1,0,3,6
Deborah Watson Stokes,,,,,,,,,,,,,,,,,,,,,,,0,2,0,4,2,2,3,2,2,1,1,2,2,2,2,3,0,0,1,2,0,1,6
Stella Tsai,,,,,,,,,,,,,,,,,,,,,,,,0,1,1,1,0,4,2,2,0,1,3,0,1,1,1,0,1,0,1,1,1,6
Thomas Martin,,,,,,,,,,,,,,,,,,,,,,,,,0,0,2,2,0,0,0,0,0,1,1,2,1,0,0,0,1,0,1,0,6
Frances Fattah,,,,,,,,,,,,,,,,,,,,,,,,,,0,3,0,2,1,1,2,2,2,1,2,1,0,2,0,1,2,0,0,6
Rainy Papademetriou,,,,,,,,,,,,,,,,,,,,,,,,,,,0,1,2,1,0,1,1,1,1,1,0,0,1,1,0,0,0,0,6
Sherman Toppin,,,,,,,,,,,,,,,,,,,,,,,,,,,,0,0,1,2,1,0,0,1,1,1,1,1,2,1,0,1,1,6
Betsy Wahl,,,,,,,,,,,,,,,,,,,,,,,,,,,,,0,2,0,0,0,2,1,0,0,1,0,1,1,2,0,0,6
Chris Mallios,,,,,,,,,,,,,,,,,,,,,,,,,,,,,,0,1,0,0,1,0,0,1,0,0,0,0,0,0,0,6
Chris Mccabe,,,,,,,,,,,,,,,,,,,,,,,,,,,,,,,0,2,2,0,0,1,4,0,0,2,0,1,0,2,6
Franklin A Bennett Iii,,,,,,,,,,,,,,,,,,,,,,,,,,,,,,,,1,1,1,0,0,1,1,2,1,0,0,0,2,6
Leon A King Ii,,,,,,,,,,,,,,,,,,,,,,,,,,,,,,,,,1,1,1,2,2,2,1,0,0,1,0,0,6
Shanese Johnson,,,,,,,,,,,,,,,,,,,,,,,,,,,,,,,,,,0,2,1,0,2,0,0,0,1,1,0,6
Vincent Furlong,,,,,,,,,,,,,,,,,,,,,,,,,,,,,,,,,,,0,0,0,2,0,0,0,0,0,0,6
James F Berardinelli,,,,,,,,,,,,,,,,,,,,,,,,,,,,,,,,,,,,0,1,1,0,0,0,1,1,0,6
Starr Marshall Cash,,,,,,,,,,,,,,,,,,,,,,,,,,,,,,,,,,,,,0,0,0,0,0,1,0,1,6
Tangie M Boston,,,,,,,,,,,,,,,,,,,,,,,,,,,,,,,,,,,,,,0,1,0,0,1,0,0,6
Wayne M D Bennett,,,,,,,,,,,,,,,,,,,,,,,,,,,,,,,,,,,,,,,0,1,0,0,1,0,6
Jodi Lobel,,,,,,,,,,,,,,,,,,,,,,,,,,,,,,,,,,,,,,,,0,0,0,1,1,6
Joshua Hill,,,,,,,,,,,,,,,,,,,,,,,,,,,,,,,,,,,,,,,,,0,1,0,0,6
Marissa Brumbach,,,,,,,,,,,,,,,,,,,,,,,,,,,,,,,,,,,,,,,,,,0,0,0,6
Vince Giusini,,,,,,,,,,,,,,,,,,,,,,,,,,,,,,,,,,,,,,,,,,,0,0,6
William J Ciancaglini,,,,,,,,,,,,,,,,,,,,,,,,,,,,,,,,,,,,,,,,,,,,0,6
Total,54,23,22,21,20,19,17,17,17,16,16,13,13,13,13,12,12,12,11,10,10,9,9,9,9,8,8,8,7,7,6,6,6,6,6,5,5,5,5,4,3,3,3,3,6
,Register Of Wills - Democrat,Judge Of The Court Of Common Pleas - Democrat,,,,,,,,,,,,,,,,,,,,,,,,,,,,,,,,,,,,,,,,,,,7
,Ronald R Donatucci,Tracy B Roman,Ken Powell,Leon Goodman,Scott Diclaudio,Lyris Younge,Jennifer Schultz,Brian T Ortelere,Edward William Louden Jr,Jon Marshall,Kai Scott,Abbe Fletman,Daine Grey Jr,Mia Roberts Perez,Rainy Papademetriou,James F Berardinelli,Wayne M D Bennett,Vincent Furlong,Lynne M Summers,Sherman Toppin,Anthony Kyriakakis,Deborah Watson Stokes,Jodi Lobel,Joshua Hill,Leon A King Ii,Marissa Brumbach,Michael Fanning,Shanese Johnson,Stephanie M Sawyer,Vince Giusini,Vincent N Melchiorre,Franklin A Bennett Iii,Thomas Martin,Frances Fattah,Rania Major,Chris Mallios,Sandjai Weaver,Starr Marshall Cash,Tangie M Boston,Betsy Wahl,Chris Mccabe,Stella Tsai,William J Ciancaglini,Lucretia Clemons,7
Ronald R Donatucci,6,25,19,18,15,17,16,12,13,13,12,14,13,12,10,8,10,8,8,8,7,6,6,7,7,7,4,7,6,7,7,6,5,5,5,4,4,3,3,3,2,1,1,0,7
Tracy B Roman,,0,12,13,10,9,11,5,10,10,5,7,8,6,6,4,4,5,5,5,3,3,3,4,3,3,1,4,3,2,5,4,2,1,2,2,1,3,1,0,0,1,1,0,7
Ken Powell,,,1,11,9,12,8,6,8,12,4,8,7,5,2,4,4,4,3,5,4,1,2,3,5,2,0,4,1,4,4,1,3,4,2,2,1,0,0,1,1,0,0,0,7
Leon Goodman,,,,1,9,10,9,8,6,10,6,5,5,5,6,4,3,4,3,6,4,1,4,4,4,3,2,3,2,3,2,2,4,2,3,0,0,2,1,1,1,0,1,0,7
Scott Diclaudio,,,,,1,7,3,6,7,8,2,5,7,3,5,5,4,3,1,0,2,1,0,1,0,1,1,2,2,3,2,3,0,0,1,1,2,1,3,0,1,0,1,0,7
Lyris Younge,,,,,,0,6,5,7,9,3,5,6,5,3,3,4,3,3,3,3,1,0,2,4,3,1,2,1,3,1,0,2,4,1,1,0,0,1,1,1,0,0,0,7
Jennifer Schultz,,,,,,,0,5,4,4,4,8,5,4,5,4,2,7,6,5,4,4,4,4,4,4,0,4,2,4,5,2,3,3,3,2,0,3,1,1,1,1,0,0,7
Brian T Ortelere,,,,,,,,0,4,6,6,3,6,6,10,5,3,3,1,2,3,2,2,0,1,2,6,2,1,4,2,2,2,1,2,1,4,0,2,1,2,0,0,0,7
Edward William Louden Jr,,,,,,,,,1,5,1,3,5,2,3,4,4,4,3,2,1,2,0,2,3,2,0,4,1,2,3,2,0,2,0,1,2,1,1,0,0,0,0,0,7
Jon Marshall,,,,,,,,,,1,3,5,7,2,3,3,1,1,0,3,2,1,2,0,3,1,1,1,2,2,2,0,3,1,0,2,1,0,0,1,1,0,0,0,7
Kai Scott,,,,,,,,,,,0,4,4,8,8,0,2,1,0,3,1,3,2,1,2,2,5,3,2,2,2,1,2,1,3,2,1,2,1,1,0,1,0,0,7
Abbe Fletman,,,,,,,,,,,,0,6,4,4,3,3,4,2,2,2,3,3,3,2,3,0,3,1,4,3,1,1,2,1,2,1,2,1,2,0,1,0,0,7
Daine Grey Jr,,,,,,,,,,,,,0,3,6,4,3,4,0,1,0,2,0,0,2,2,1,3,2,1,2,0,1,1,1,1,2,1,1,0,0,0,0,0,7
Mia Roberts Perez,,,,,,,,,,,,,,0,5,2,3,2,3,2,1,3,2,3,2,3,4,2,1,2,1,2,0,3,4,1,1,1,2,0,1,1,0,0,7
Rainy Papademetriou,,,,,,,,,,,,,,,0,2,2,3,0,1,0,3,1,0,0,1,5,2,1,2,1,1,1,0,2,0,2,2,2,0,0,1,0,0,7
James F Berardinelli,,,,,,,,,,,,,,,,1,3,4,3,0,4,1,2,3,1,2,1,1,2,1,1,2,1,1,0,1,2,1,0,1,1,0,1,0,7
Wayne M D Bennett,,,,,,,,,,,,,,,,,0,2,2,1,4,0,0,2,3,1,1,2,2,5,2,4,1,1,2,1,2,0,2,1,0,0,1,0,7
Vincent Furlong,,,,,,,,,,,,,,,,,,0,5,2,2,2,0,3,2,1,0,2,2,0,2,2,0,3,1,1,0,1,0,0,1,0,1,0,7
Lynne M Summers,,,,,,,,,,,,,,,,,,,0,2,3,2,1,5,2,3,0,2,2,1,3,3,1,4,1,1,0,1,1,0,1,0,1,0,7
Sherman Toppin,,,,,,,,,,,,,,,,,,,,0,1,1,3,3,5,2,1,3,2,2,3,1,3,2,1,1,0,0,0,1,0,0,0,0,7
Anthony Kyriakakis,,,,,,,,,,,,,,,,,,,,,0,1,2,2,1,2,1,1,2,3,2,2,2,1,1,2,2,1,0,2,2,0,1,0,7
Deborah Watson Stokes,,,,,,,,,,,,,,,,,,,,,,0,2,2,0,2,2,3,3,1,1,0,0,2,1,1,2,3,2,1,2,1,0,0,7
Jodi Lobel,,,,,,,,,,,,,,,,,,,,,,,1,3,2,2,1,1,2,1,2,0,2,0,2,1,1,2,0,2,1,1,0,0,7
Joshua Hill,,,,,,,,,,,,,,,,,,,,,,,,0,2,3,0,3,1,1,2,1,1,3,1,0,0,1,1,1,0,0,1,0,7
Leon A King Ii,,,,,,,,,,,,,,,,,,,,,,,,,0,1,0,2,2,2,2,1,3,2,1,1,0,0,0,0,0,0,0,0,7
Marissa Brumbach,,,,,,,,,,,,,,,,,,,,,,,,,,0,1,1,1,2,3,1,1,1,0,2,1,1,1,2,0,0,0,0,7
Michael Fanning,,,,,,,,,,,,,,,,,,,,,,,,,,,1,0,1,1,0,1,1,0,1,1,2,0,1,1,1,0,0,0,7
Shanese Johnson,,,,,,,,,,,,,,,,,,,,,,,,,,,,0,1,3,2,1,1,3,1,0,2,1,2,0,0,0,0,0,7
Stephanie M Sawyer,,,,,,,,,,,,,,,,,,,,,,,,,,,,,0,0,1,2,1,1,2,2,1,2,1,1,2,1,1,0,7
Vince Giusini,,,,,,,,,,,,,,,,,,,,,,,,,,,,,,0,3,2,2,1,1,1,2,0,3,1,0,0,0,0,7
Vincent N Melchiorre,,,,,,,,,,,,,,,,,,,,,,,,,,,,,,,0,1,2,1,0,3,1,1,1,1,0,0,0,0,7
Franklin A Bennett Iii,,,,,,,,,,,,,,,,,,,,,,,,,,,,,,,,0,0,0,1,1,1,0,1,0,0,0,1,0,7
Thomas Martin,,,,,,,,,,,,,,,,,,,,,,,,,,,,,,,,,0,1,0,0,0,1,0,0,0,0,0,0,7
Frances Fattah,,,,,,,,,,,,,,,,,,,,,,,,,,,,,,,,,,0,1,0,0,0,1,0,1,0,0,0,7
Rania Major,,,,,,,,,,,,,,,,,,,,,,,,,,,,,,,,,,,0,0,0,1,1,0,1,1,0,0,7
Chris Mallios,,,,,,,,,,,,,,,,,,,,,,,,,,,,,,,,,,,,0,1,0,0,2,1,0,0,0,7
Sandjai Weaver,,,,,,,,,,,,,,,,,,,,,,,,,,,,,,,,,,,,,0,0,1,1,1,0,0,0,7
Starr Marshall Cash,,,,,,,,,,,,,,,,,,,,,,,,,,,,,,,,,,,,,,0,1,0,1,1,0,0,7
Tangie M Boston,,,,,,,,,,,,,,,,,,,,,,,,,,,,,,,,,,,,,,,0,0,1,0,0,0,7
Betsy Wahl,,,,,,,,,,,,,,,,,,,,,,,,,,,,,,,,,,,,,,,,0,1,0,0,0,7
Chris Mccabe,,,,,,,,,,,,,,,,,,,,,,,,,,,,,,,,,,,,,,,,,0,0,0,0,7
Stella Tsai,,,,,,,,,,,,,,,,,,,,,,,,,,,,,,,,,,,,,,,,,,0,0,0,7
William J Ciancaglini,,,,,,,,,,,,,,,,,,,,,,,,,,,,,,,,,,,,,,,,,,,0,0,7
Lucretia Clemons,,,,,,,,,,,,,,,,,,,,,,,,,,,,,,,,,,,,,,,,,,,,0,7
Total,58,26,21,21,19,18,17,16,15,15,15,14,14,14,13,10,10,9,8,8,7,7,7,7,7,7,7,7,7,7,7,6,6,5,5,4,4,4,4,3,3,1,1,0,7
,Register Of Wills - Democrat,Judge Of The Court Of Common Pleas - Democrat,,,,,,,,,,,,,,,,,,,,,,,,,,,,,,,,,,,,,,,,,,,8
,Ronald R Donatucci,Mia Roberts Perez,Brian T Ortelere,Rainy Papademetriou,Scott Diclaudio,Tracy B Roman,Abbe Fletman,Kai Scott,Ken Powell,Jennifer Schultz,Michael Fanning,Edward William Louden Jr,Jon Marshall,Lyris Younge,Vincent N Melchiorre,Betsy Wahl,Daine Grey Jr,Lynne M Summers,Chris Mallios,Leon A King Ii,Leon Goodman,Chris Mccabe,Deborah Watson Stokes,Frances Fattah,James F Berardinelli,Lucretia Clemons,Thomas Martin,Vincent Furlong,Wayne M D Bennett,Rania Major,Shanese Johnson,Stephanie M Sawyer,Joshua Hill,Stella Tsai,Anthony Kyriakakis,Franklin A Bennett Iii,Marissa Brumbach,Sandjai Weaver,Sherman Toppin,Vince Giusini,William J Ciancaglini,Jodi Lobel,Starr Marshall Cash,Tangie M Boston,8
Ronald R Donatucci,1,12,10,9,10,9,10,8,8,9,8,7,6,7,8,7,7,6,6,5,6,5,5,5,5,5,5,5,5,4,3,4,3,3,2,2,2,2,2,2,2,1,1,1,8
Mia Roberts Perez,,0,4,6,3,6,4,7,4,3,7,2,4,4,5,6,3,4,4,1,2,2,4,2,1,1,1,1,1,2,2,3,1,1,1,1,1,1,2,2,1,0,1,0,8
Brian T Ortelere,,,0,9,3,5,5,7,2,1,4,2,4,4,5,2,4,2,2,0,1,3,0,2,2,2,3,1,1,0,0,0,1,0,0,0,0,0,0,1,0,0,0,0,8
Rainy Papademetriou,,,,0,3,5,6,8,2,2,5,3,4,4,5,2,3,1,2,0,2,3,0,1,2,2,3,1,0,0,0,0,1,0,0,0,0,0,0,1,0,0,0,0,8
Scott Diclaudio,,,,,0,4,3,1,4,3,3,3,4,4,3,2,4,1,0,2,3,1,1,2,2,1,3,2,3,1,1,1,1,0,1,1,1,0,1,1,0,1,0,1,8
Tracy B Roman,,,,,,1,5,4,3,4,3,3,4,4,3,4,2,3,1,0,3,1,2,1,2,2,2,1,1,2,2,2,1,1,0,1,1,1,1,2,0,0,0,0,8
Abbe Fletman,,,,,,,0,4,3,4,2,3,4,4,4,1,4,1,3,1,4,2,1,0,2,3,3,2,1,1,1,1,1,1,0,1,0,2,0,0,1,0,0,0,8
Kai Scott,,,,,,,,0,1,1,6,1,3,3,5,3,3,2,3,0,0,4,2,2,1,3,2,0,0,1,0,2,1,1,0,0,1,0,1,1,0,0,1,0,8
Ken Powell,,,,,,,,,0,1,2,3,6,4,2,2,3,2,3,3,1,0,1,2,0,1,2,1,3,0,2,0,1,1,0,2,0,1,1,1,2,0,0,0,8
Jennifer Schultz,,,,,,,,,,0,0,4,1,2,1,2,1,3,1,1,5,0,2,1,2,1,2,3,2,3,1,3,1,2,1,0,1,1,0,0,0,0,0,0,8
Michael Fanning,,,,,,,,,,,0,1,2,3,4,4,4,1,3,1,0,3,2,2,0,1,0,0,1,1,1,1,0,0,0,1,1,0,2,2,0,1,1,1,8
Edward William Louden Jr,,,,,,,,,,,,0,2,2,0,1,2,2,2,1,2,0,0,1,2,1,1,2,1,1,0,0,0,2,0,1,0,1,0,1,1,0,0,0,8
Jon Marshall,,,,,,,,,,,,,0,5,3,1,3,2,2,1,1,1,1,1,1,1,3,1,1,0,0,0,2,0,0,0,0,0,0,0,1,0,0,0,8
Lyris Younge,,,,,,,,,,,,,,0,2,0,5,1,2,0,2,1,1,2,1,0,2,1,1,0,0,1,0,0,0,0,0,0,1,0,0,0,1,0,8
Vincent N Melchiorre,,,,,,,,,,,,,,,0,2,2,0,1,1,1,3,0,1,2,2,3,1,2,0,1,1,2,0,2,1,0,0,1,1,0,0,0,0,8
Betsy Wahl,,,,,,,,,,,,,,,,0,1,4,2,2,1,2,4,1,0,2,0,1,1,3,2,2,1,1,0,1,2,1,1,2,1,1,0,1,8
Daine Grey Jr,,,,,,,,,,,,,,,,,0,1,3,2,1,2,2,2,1,2,1,1,2,1,0,1,0,1,0,1,1,1,1,0,1,1,1,1,8
Lynne M Summers,,,,,,,,,,,,,,,,,,1,2,1,1,0,3,2,1,1,1,2,1,2,1,2,1,1,0,0,1,1,0,1,1,0,0,0,8
Chris Mallios,,,,,,,,,,,,,,,,,,,0,2,1,1,2,2,0,1,0,1,1,0,0,1,1,1,0,1,0,1,1,1,2,0,1,0,8
Leon A King Ii,,,,,,,,,,,,,,,,,,,,1,1,1,2,2,0,2,1,2,2,1,1,1,2,1,1,1,1,1,0,0,2,1,0,1,8
Leon Goodman,,,,,,,,,,,,,,,,,,,,,0,0,1,1,1,0,2,2,1,1,1,2,1,0,1,0,0,1,0,0,0,0,0,0,8
Chris Mccabe,,,,,,,,,,,,,,,,,,,,,,0,2,1,1,3,2,0,0,1,0,1,1,0,0,0,1,0,1,0,0,1,1,1,8
Deborah Watson Stokes,,,,,,,,,,,,,,,,,,,,,,,0,1,0,2,0,1,0,3,1,3,1,1,0,0,2,1,1,0,1,1,1,1,8
Frances Fattah,,,,,,,,,,,,,,,,,,,,,,,,0,0,0,2,1,2,0,1,2,1,0,1,0,0,0,1,1,0,0,1,0,8
James F Berardinelli,,,,,,,,,,,,,,,,,,,,,,,,,0,1,1,2,0,0,0,0,1,0,1,0,0,0,0,0,0,0,0,0,8
Lucretia Clemons,,,,,,,,,,,,,,,,,,,,,,,,,,0,2,0,1,2,0,1,1,2,0,1,2,1,0,0,1,1,0,1,8
Thomas Martin,,,,,,,,,,,,,,,,,,,,,,,,,,,0,1,2,0,0,1,2,0,1,0,0,0,0,0,0,0,0,0,8
Vincent Furlong,,,,,,,,,,,,,,,,,,,,,,,,,,,,0,1,0,0,1,2,0,1,0,0,0,0,0,1,0,0,0,8
Wayne M D Bennett,,,,,,,,,,,,,,,,,,,,,,,,,,,,,0,0,1,1,1,1,1,2,0,1,1,1,1,0,0,0,8
Rania Major,,,,,,,,,,,,,,,,,,,,,,,,,,,,,,0,1,2,0,2,0,0,2,1,0,0,0,1,0,1,8
Shanese Johnson,,,,,,,,,,,,,,,,,,,,,,,,,,,,,,,1,1,0,0,0,1,0,1,1,1,0,0,0,0,8
Stephanie M Sawyer,,,,,,,,,,,,,,,,,,,,,,,,,,,,,,,,0,1,1,1,0,1,1,1,0,0,0,1,0,8
Joshua Hill,,,,,,,,,,,,,,,,,,,,,,,,,,,,,,,,,0,0,1,0,0,0,0,0,1,0,0,0,8
Stella Tsai,,,,,,,,,,,,,,,,,,,,,,,,,,,,,,,,,,0,0,1,1,1,0,0,1,0,0,0,8
Anthony Kyriakakis,,,,,,,,,,,,,,,,,,,,,,,,,,,,,,,,,,,0,0,0,0,0,0,0,0,0,0,8
Franklin A Bennett Iii,,,,,,,,,,,,,,,,,,,,,,,,,,,,,,,,,,,,0,0,1,1,1,1,0,0,0,8
Marissa Brumbach,,,,,,,,,,,,,,,,,,,,,,,,,,,,,,,,,,,,,0,0,0,0,0,1,0,1,8
Sandjai Weaver,,,,,,,,,,,,,,,,,,,,,,,,,,,,,,,,,,,,,,0,0,0,1,0,0,0,8
Sherman Toppin,,,,,,,,,,,,,,,,,,,,,,,,,,,,,,,,,,,,,,,0,1,0,0,1,0,8
Vince Giusini,,,,,,,,,,,,,,,,,,,,,,,,,,,,,,,,,,,,,,,,0,0,0,0,0,8
William J Ciancaglini,,,,,,,,,,,,,,,,,,,,,,,,,,,,,,,,,,,,,,,,,0,0,0,0,8
Jodi Lobel,,,,,,,,,,,,,,,,,,,,,,,,,,,,,,,,,,,,,,,,,,0,0,1,8
Starr Marshall Cash,,,,,,,,,,,,,,,,,,,,,,,,,,,,,,,,,,,,,,,,,,,0,0,8
Tangie M Boston,,,,,,,,,,,,,,,,,,,,,,,,,,,,,,,,,,,,,,,,,,,,0,8
Total,36,13,11,11,11,11,10,10,10,9,9,8,8,8,8,7,7,7,6,6,6,5,5,5,5,5,5,5,5,4,4,4,3,3,2,2,2,2,2,2,2,1,1,1,8
,Register Of Wills - Democrat,Judge Of The Court Of Common Pleas - Democrat,,,,,,,,,,,,,,,,,,,,,,,,,,,,,,,,,,,,,,,,,,,9
,Ronald R Donatucci,Tracy B Roman,Daine Grey Jr,Jon Marshall,Ken Powell,Mia Roberts Perez,Abbe Fletman,Michael Fanning,Rainy Papademetriou,Scott Diclaudio,Jennifer Schultz,Lyris Younge,James F Berardinelli,Kai Scott,Thomas Martin,Stella Tsai,Brian T Ortelere,Chris Mallios,Lynne M Summers,Stephanie M Sawyer,Wayne M D Bennett,Leon Goodman,Vincent Furlong,Betsy Wahl,Leon A King Ii,Lucretia Clemons,Rania Major,Sandjai Weaver,Jodi Lobel,Joshua Hill,Vincent N Melchiorre,Anthony Kyriakakis,Frances Fattah,Sherman Toppin,Starr Marshall Cash,Deborah Watson Stokes,Edward William Louden Jr,Shanese Johnson,Vince Giusini,Franklin A Bennett Iii,Marissa Brumbach,Tangie M Boston,William J Ciancaglini,Chris Mccabe,9
Ronald R Donatucci,2,15,13,15,13,12,11,10,12,13,9,8,9,7,11,8,5,8,6,7,7,6,6,5,6,5,5,5,5,5,4,4,2,3,4,3,3,3,3,2,2,2,2,0,9
Tracy B Roman,,1,10,10,10,10,9,4,6,10,5,8,5,7,4,3,5,5,5,3,2,1,3,2,3,2,3,5,2,3,4,1,1,3,3,1,2,0,1,0,1,2,0,0,9
Daine Grey Jr,,,0,8,7,6,9,4,6,8,6,8,7,6,3,4,3,5,5,4,4,1,4,2,2,2,1,3,1,2,4,3,3,3,1,1,0,1,0,1,0,1,1,0,9
Jon Marshall,,,,0,9,8,9,5,3,11,6,9,4,7,6,4,2,7,3,3,5,5,4,2,2,2,2,4,2,4,4,1,2,1,2,2,1,2,2,2,1,1,1,0,9
Ken Powell,,,,,1,7,6,6,5,8,4,6,3,4,6,2,4,5,0,2,3,2,2,1,3,1,2,2,1,1,4,1,1,2,0,1,2,2,1,1,2,1,0,0,9
Mia Roberts Perez,,,,,,1,8,6,6,9,3,6,2,8,5,5,4,7,4,4,1,3,2,4,3,3,5,5,3,1,5,1,0,1,2,1,2,1,1,0,1,1,1,0,9
Abbe Fletman,,,,,,,0,6,5,8,6,7,4,7,2,3,4,7,5,3,4,4,4,1,1,3,3,4,1,2,5,1,1,1,2,2,0,1,1,0,1,1,0,0,9
Michael Fanning,,,,,,,,2,6,4,3,4,1,6,4,2,3,4,1,3,1,1,0,1,1,4,2,0,1,0,3,1,1,0,0,2,0,2,1,0,1,0,0,0,9
Rainy Papademetriou,,,,,,,,,0,5,4,1,6,3,5,2,7,2,4,3,2,1,3,2,3,2,3,3,3,1,1,2,0,1,1,0,0,0,1,0,0,0,1,0,9
Scott Diclaudio,,,,,,,,,,0,6,6,7,6,3,3,3,7,5,1,3,4,4,5,3,1,2,3,3,4,5,2,2,1,0,0,2,0,2,1,1,1,2,0,9
Jennifer Schultz,,,,,,,,,,,0,3,7,2,4,5,3,2,3,1,5,4,4,2,4,4,2,2,2,2,0,2,2,1,1,1,1,1,1,1,2,0,1,0,9
Lyris Younge,,,,,,,,,,,,0,2,7,3,3,1,4,4,4,2,2,1,1,1,3,1,2,0,3,4,0,2,2,1,1,0,1,0,2,0,1,1,0,9
James F Berardinelli,,,,,,,,,,,,,0,2,2,2,4,1,4,0,4,2,6,4,2,2,1,1,0,4,1,1,1,2,0,0,1,0,0,1,0,1,1,0,9
Kai Scott,,,,,,,,,,,,,,1,2,2,2,4,4,2,0,0,2,2,0,4,2,3,0,2,4,0,0,0,0,1,0,1,0,0,0,0,1,0,9
Thomas Martin,,,,,,,,,,,,,,,0,4,3,3,1,3,4,4,1,1,3,2,2,2,1,1,0,2,1,1,1,1,1,2,1,2,1,0,0,0,9
Stella Tsai,,,,,,,,,,,,,,,,0,0,1,3,5,3,3,1,3,4,3,4,3,2,1,0,1,2,0,2,2,0,3,0,2,1,0,1,0,9
Brian T Ortelere,,,,,,,,,,,,,,,,,0,1,1,1,3,1,3,1,1,1,1,1,0,1,0,1,0,2,0,0,1,0,1,0,0,1,0,0,9
Chris Mallios,,,,,,,,,,,,,,,,,,0,1,0,2,3,1,1,0,0,2,3,1,0,5,2,1,0,1,0,0,0,2,0,0,0,0,0,9
Lynne M Summers,,,,,,,,,,,,,,,,,,,0,3,0,1,2,4,1,3,2,2,1,3,1,1,1,1,1,1,0,0,0,0,0,1,2,0,9
Stephanie M Sawyer,,,,,,,,,,,,,,,,,,,,0,1,1,0,2,3,3,3,1,2,1,0,1,2,2,2,3,0,3,0,1,1,1,1,0,9
Wayne M D Bennett,,,,,,,,,,,,,,,,,,,,,0,5,3,0,2,0,0,1,1,1,0,2,2,1,1,0,0,1,1,2,0,0,0,0,9
Leon Goodman,,,,,,,,,,,,,,,,,,,,,,0,1,1,2,0,1,1,2,1,1,1,2,0,1,0,1,1,1,2,1,0,0,0,9
Vincent Furlong,,,,,,,,,,,,,,,,,,,,,,,0,2,0,1,0,2,0,3,0,0,0,1,1,0,1,0,0,0,0,1,1,0,9
Betsy Wahl,,,,,,,,,,,,,,,,,,,,,,,,0,1,2,2,0,1,2,1,1,1,1,0,1,1,1,0,0,0,1,2,0,9
Leon A King Ii,,,,,,,,,,,,,,,,,,,,,,,,,0,1,2,1,3,1,0,2,0,1,1,1,1,1,0,1,2,0,1,0,9
Lucretia Clemons,,,,,,,,,,,,,,,,,,,,,,,,,,0,3,1,0,1,0,0,0,0,0,2,0,2,0,0,1,0,1,0,9
Rania Major,,,,,,,,,,,,,,,,,,,,,,,,,,,0,3,1,0,1,0,0,0,1,2,0,2,1,0,1,0,0,0,9
Sandjai Weaver,,,,,,,,,,,,,,,,,,,,,,,,,,,,0,1,1,1,0,0,0,2,0,0,0,1,0,0,0,0,0,9
Jodi Lobel,,,,,,,,,,,,,,,,,,,,,,,,,,,,,0,0,0,2,1,0,1,0,1,0,1,0,1,0,1,0,9
Joshua Hill,,,,,,,,,,,,,,,,,,,,,,,,,,,,,,0,0,0,0,2,1,1,1,0,0,1,0,2,1,0,9
Vincent N Melchiorre,,,,,,,,,,,,,,,,,,,,,,,,,,,,,,,0,0,0,0,0,0,0,0,0,0,0,0,0,0,9
Anthony Kyriakakis,,,,,,,,,,,,,,,,,,,,,,,,,,,,,,,,0,1,1,0,0,0,0,1,0,0,0,1,0,9
Frances Fattah,,,,,,,,,,,,,,,,,,,,,,,,,,,,,,,,,0,1,0,0,0,1,1,1,0,0,0,0,9
Sherman Toppin,,,,,,,,,,,,,,,,,,,,,,,,,,,,,,,,,,0,1,1,1,0,0,0,0,2,0,0,9
Starr Marshall Cash,,,,,,,,,,,,,,,,,,,,,,,,,,,,,,,,,,,0,1,0,0,0,0,0,1,0,0,9
Deborah Watson Stokes,,,,,,,,,,,,,,,,,,,,,,,,,,,,,,,,,,,,0,0,2,0,0,1,1,0,0,9
Edward William Louden Jr,,,,,,,,,,,,,,,,,,,,,,,,,,,,,,,,,,,,,0,0,0,0,1,1,0,0,9
Shanese Johnson,,,,,,,,,,,,,,,,,,,,,,,,,,,,,,,,,,,,,,0,0,1,1,0,0,0,9
Vince Giusini,,,,,,,,,,,,,,,,,,,,,,,,,,,,,,,,,,,,,,,0,0,0,0,0,0,9
Franklin A Bennett Iii,,,,,,,,,,,,,,,,,,,,,,,,,,,,,,,,,,,,,,,,0,0,0,0,0,9
Marissa Brumbach,,,,,,,,,,,,,,,,,,,,,,,,,,,,,,,,,,,,,,,,,0,0,0,0,9
Tangie M Boston,,,,,,,,,,,,,,,,,,,,,,,,,,,,,,,,,,,,,,,,,,0,0,0,9
William J Ciancaglini,,,,,,,,,,,,,,,,,,,,,,,,,,,,,,,,,,,,,,,,,,,0,0,9
Chris Mccabe,,,,,,,,,,,,,,,,,,,,,,,,,,,,,,,,,,,,,,,,,,,,0,9
Total,39,20,18,17,16,16,15,15,15,15,12,12,11,11,11,10,9,9,8,8,8,7,7,6,6,6,6,6,5,5,5,4,4,4,4,3,3,3,3,2,2,2,2,0,9
,Register Of Wills - Democrat,Judge Of The Court Of Common Pleas - Democrat,,,,,,,,,,,,,,,,,,,,,,,,,,,,,,,,,,,,,,,,,,,10
,Ronald R Donatucci,Kai Scott,Scott Diclaudio,Ken Powell,Lyris Younge,Mia Roberts Perez,Abbe Fletman,Jennifer Schultz,Daine Grey Jr,Tracy B Roman,Jon Marshall,Leon Goodman,Rainy Papademetriou,Brian T Ortelere,Chris Mallios,Vincent N Melchiorre,Betsy Wahl,James F Berardinelli,Michael Fanning,Deborah Watson Stokes,Edward William Louden Jr,Jodi Lobel,Shanese Johnson,Stephanie M Sawyer,Wayne M D Bennett,Anthony Kyriakakis,Chris Mccabe,Frances Fattah,Lynne M Summers,Marissa Brumbach,Sherman Toppin,Thomas Martin,Vince Giusini,Leon A King Ii,Lucretia Clemons,Rania Major,Sandjai Weaver,Stella Tsai,Vincent Furlong,Franklin A Bennett Iii,Starr Marshall Cash,Tangie M Boston,William J Ciancaglini,Joshua Hill,10
Ronald R Donatucci,3,11,15,14,12,11,9,8,6,11,9,9,3,5,6,4,4,4,4,5,5,5,6,3,6,5,4,3,3,3,3,2,3,2,2,3,3,2,2,2,2,2,2,0,10
Kai Scott,,0,6,6,9,9,8,4,3,3,2,1,7,5,7,8,7,3,6,2,1,3,2,3,2,2,4,3,0,3,3,3,2,1,3,2,1,1,0,1,1,1,1,1,10
Scott Diclaudio,,,1,8,10,4,5,3,4,8,6,3,1,3,3,3,1,1,3,2,5,2,3,1,1,2,1,1,0,0,3,1,1,1,0,1,1,1,1,1,0,0,1,0,10
Ken Powell,,,,0,9,6,4,4,5,6,8,5,1,2,4,4,2,4,5,2,4,4,2,4,4,3,1,4,3,2,3,0,1,2,0,1,1,1,2,0,1,1,1,0,10
Lyris Younge,,,,,1,7,5,4,3,6,5,2,1,2,4,5,3,0,5,2,4,2,2,3,2,4,3,2,0,2,3,1,3,2,0,1,0,1,1,1,0,0,1,0,10
Mia Roberts Perez,,,,,,0,4,4,4,2,3,1,3,0,5,5,5,3,5,2,0,4,1,4,3,3,2,2,1,2,2,0,3,2,1,1,0,1,0,0,1,1,1,0,10
Abbe Fletman,,,,,,,0,7,4,4,3,2,5,6,5,4,2,3,2,2,2,1,3,1,2,2,4,0,1,2,0,3,2,0,3,2,0,1,1,1,1,1,1,0,10
Jennifer Schultz,,,,,,,,0,3,4,3,4,4,5,4,1,3,4,1,1,2,1,3,3,3,3,2,1,2,2,0,1,4,2,1,1,1,1,3,2,1,1,0,0,10
Daine Grey Jr,,,,,,,,,3,4,4,2,3,3,2,2,1,3,2,2,1,2,1,1,1,2,1,1,1,2,1,1,1,1,0,0,1,0,1,0,0,0,1,1,10
Tracy B Roman,,,,,,,,,,0,6,4,1,3,3,2,1,1,2,1,4,1,2,0,1,1,0,0,0,0,1,1,1,1,0,0,2,1,1,2,0,0,0,0,10
Jon Marshall,,,,,,,,,,,1,6,1,2,3,2,0,3,3,1,4,1,1,0,3,2,0,1,2,0,0,0,0,1,0,0,0,0,2,0,0,0,1,0,10
Leon Goodman,,,,,,,,,,,,0,1,2,1,0,1,3,1,1,3,1,1,1,2,1,0,1,3,0,0,0,0,0,0,0,1,0,1,1,0,0,1,0,10
Rainy Papademetriou,,,,,,,,,,,,,1,5,2,4,3,4,2,1,1,1,1,1,0,0,2,1,0,1,0,3,1,1,3,1,0,1,1,0,1,1,0,1,10
Brian T Ortelere,,,,,,,,,,,,,,0,0,2,2,2,0,2,3,0,1,0,1,2,3,1,0,1,0,3,0,1,2,1,1,0,2,1,0,0,1,1,10
Chris Mallios,,,,,,,,,,,,,,,0,3,2,4,4,1,0,0,2,1,3,1,1,1,1,2,0,1,3,1,0,0,0,2,1,1,0,0,0,0,10
Vincent N Melchiorre,,,,,,,,,,,,,,,,0,2,1,5,0,0,2,0,3,0,0,2,2,0,0,2,2,1,0,2,0,0,0,0,0,0,0,0,0,10
Betsy Wahl,,,,,,,,,,,,,,,,,0,1,3,1,0,3,1,2,1,1,1,3,0,2,2,1,1,1,1,1,1,1,0,1,1,1,0,1,10
James F Berardinelli,,,,,,,,,,,,,,,,,,0,2,1,1,1,1,1,3,1,0,1,2,1,0,0,1,1,0,0,0,1,2,0,0,0,1,0,10
Michael Fanning,,,,,,,,,,,,,,,,,,,0,0,0,2,1,2,1,0,0,3,1,0,2,0,0,1,0,0,0,1,1,0,0,0,0,0,10
Deborah Watson Stokes,,,,,,,,,,,,,,,,,,,,0,1,2,3,1,1,2,1,2,2,1,0,2,1,0,0,2,1,2,0,1,1,1,2,1,10
Edward William Louden Jr,,,,,,,,,,,,,,,,,,,,,1,0,1,0,1,2,1,0,0,0,0,0,0,1,0,1,0,0,1,0,0,0,1,0,10
Jodi Lobel,,,,,,,,,,,,,,,,,,,,,,0,3,3,1,1,0,3,2,0,3,0,0,0,1,2,2,1,0,0,2,2,1,0,10
Shanese Johnson,,,,,,,,,,,,,,,,,,,,,,,0,1,1,1,1,2,2,0,1,1,1,0,1,3,2,2,1,1,2,2,1,0,10
Stephanie M Sawyer,,,,,,,,,,,,,,,,,,,,,,,,0,0,1,1,3,2,1,2,0,2,1,0,1,1,1,0,0,1,1,0,0,10
Wayne M D Bennett,,,,,,,,,,,,,,,,,,,,,,,,,0,3,1,1,2,2,0,0,1,1,0,0,0,0,2,0,0,0,1,0,10
Anthony Kyriakakis,,,,,,,,,,,,,,,,,,,,,,,,,,0,3,0,1,2,0,0,2,2,0,1,0,0,1,0,0,0,2,0,10
Chris Mccabe,,,,,,,,,,,,,,,,,,,,,,,,,,,0,0,0,2,0,2,2,1,2,1,0,0,0,0,0,0,1,0,10
Frances Fattah,,,,,,,,,,,,,,,,,,,,,,,,,,,,0,2,1,2,1,0,0,0,1,1,1,1,0,1,1,0,1,10
Lynne M Summers,,,,,,,,,,,,,,,,,,,,,,,,,,,,,0,0,0,0,0,0,0,1,1,1,1,0,1,1,1,0,10
Marissa Brumbach,,,,,,,,,,,,,,,,,,,,,,,,,,,,,,0,0,1,2,1,0,0,0,0,0,0,0,0,0,1,10
Sherman Toppin,,,,,,,,,,,,,,,,,,,,,,,,,,,,,,,0,0,0,0,0,0,1,0,0,0,0,0,0,0,10
Thomas Martin,,,,,,,,,,,,,,,,,,,,,,,,,,,,,,,,0,1,0,2,0,0,1,0,1,0,0,0,1,10
Vince Giusini,,,,,,,,,,,,,,,,,,,,,,,,,,,,,,,,,0,1,0,0,0,1,0,1,0,0,0,0,10
Leon A King Ii,,,,,,,,,,,,,,,,,,,,,,,,,,,,,,,,,,0,0,0,0,1,1,0,0,0,0,0,10
Lucretia Clemons,,,,,,,,,,,,,,,,,,,,,,,,,,,,,,,,,,,0,1,0,0,0,0,1,1,0,0,10
Rania Major,,,,,,,,,,,,,,,,,,,,,,,,,,,,,,,,,,,,0,1,1,0,0,2,2,1,0,10
Sandjai Weaver,,,,,,,,,,,,,,,,,,,,,,,,,,,,,,,,,,,,,0,1,0,1,1,1,0,0,10
Stella Tsai,,,,,,,,,,,,,,,,,,,,,,,,,,,,,,,,,,,,,,0,0,1,1,1,0,0,10
Vincent Furlong,,,,,,,,,,,,,,,,,,,,,,,,,,,,,,,,,,,,,,,0,0,0,0,0,0,10
Franklin A Bennett Iii,,,,,,,,,,,,,,,,,,,,,,,,,,,,,,,,,,,,,,,,0,0,0,0,0,10
Starr Marshall Cash,,,,,,,,,,,,,,,,,,,,,,,,,,,,,,,,,,,,,,,,,0,2,0,0,10
Tangie M Boston,,,,,,,,,,,,,,,,,,,,,,,,,,,,,,,,,,,,,,,,,,0,0,0,10
William J Ciancaglini,,,,,,,,,,,,,,,,,,,,,,,,,,,,,,,,,,,,,,,,,,,0,0,10
Joshua Hill,,,,,,,,,,,,,,,,,,,,,,,,,,,,,,,,,,,,,,,,,,,,0,10
Total,36,18,16,15,15,14,13,12,11,11,10,10,10,9,9,8,7,7,7,6,6,6,6,6,6,5,5,5,4,4,4,4,4,3,3,3,3,3,3,2,2,2,2,1,10
,Register Of Wills - Democrat,Judge Of The Court Of Common Pleas - Democrat,,,,,,,,,,,,,,,,,,,,,,,,,,,,,,,,,,,,,,,,,,,11
,Ronald R Donatucci,Kai Scott,Tracy B Roman,Mia Roberts Perez,Michael Fanning,Scott Diclaudio,Lyris Younge,Jennifer Schultz,Rainy Papademetriou,Stephanie M Sawyer,Daine Grey Jr,Abbe Fletman,Deborah Watson Stokes,Leon Goodman,Ken Powell,Wayne M D Bennett,Leon A King Ii,Brian T Ortelere,Lucretia Clemons,Betsy Wahl,Chris Mallios,Jon Marshall,Frances Fattah,Thomas Martin,Lynne M Summers,Vincent N Melchiorre,Anthony Kyriakakis,James F Berardinelli,Marissa Brumbach,Rania Major,Sherman Toppin,Jodi Lobel,Shanese Johnson,Vince Giusini,Chris Mccabe,Joshua Hill,Starr Marshall Cash,Stella Tsai,Vincent Furlong,Edward William Louden Jr,Franklin A Bennett Iii,William J Ciancaglini,Sandjai Weaver,Tangie M Boston,11
Ronald R Donatucci,9,25,25,20,15,17,17,12,14,15,12,13,13,11,11,12,10,9,11,8,9,9,7,9,8,6,5,7,6,6,5,4,5,6,4,5,5,4,3,4,4,2,2,1,11
Kai Scott,,1,15,15,12,10,12,7,13,9,8,10,8,5,7,5,8,9,6,7,7,7,3,2,4,3,5,2,4,5,3,2,5,3,3,3,5,2,4,2,0,3,3,2,11
Tracy B Roman,,,1,16,8,11,9,8,11,8,10,8,12,5,7,5,6,5,6,4,5,6,6,6,5,5,2,4,3,3,3,3,1,3,1,2,3,3,1,2,1,1,1,0,11
Mia Roberts Perez,,,,0,9,8,6,8,10,7,4,6,11,4,4,4,5,6,4,4,6,3,4,5,4,3,1,2,4,3,2,3,2,3,2,2,3,4,1,1,1,0,1,0,11
Michael Fanning,,,,,3,5,3,1,9,4,4,6,3,3,3,2,4,7,3,0,4,3,2,3,2,2,1,0,0,0,2,2,1,1,1,3,2,0,0,0,1,1,0,1,11
Scott Diclaudio,,,,,,0,7,5,6,7,5,5,5,1,6,3,2,4,4,3,5,5,0,3,3,3,1,5,1,1,5,2,0,3,2,1,0,3,2,1,1,2,0,1,11
Lyris Younge,,,,,,,0,4,6,5,7,6,3,3,6,4,3,1,4,4,5,5,2,4,2,5,6,4,3,2,2,0,0,3,3,1,2,1,1,1,0,2,2,0,11
Jennifer Schultz,,,,,,,,1,3,8,2,3,8,5,5,6,4,2,3,6,3,1,2,4,4,2,3,3,7,3,2,4,1,5,4,1,2,3,2,0,2,2,1,0,11
Rainy Papademetriou,,,,,,,,,0,5,2,3,6,2,1,2,4,8,5,2,3,4,4,3,4,2,1,3,1,1,3,1,0,2,0,2,2,0,0,1,0,1,1,1,11
Stephanie M Sawyer,,,,,,,,,,0,3,2,9,4,2,7,5,3,3,6,2,0,2,4,5,1,2,3,4,3,4,3,1,2,2,3,2,2,1,0,2,1,1,1,11
Daine Grey Jr,,,,,,,,,,,1,5,3,4,7,6,6,2,4,1,3,6,3,3,2,4,2,2,0,1,2,0,2,1,0,2,2,0,1,2,0,1,0,0,11
Abbe Fletman,,,,,,,,,,,,0,1,2,5,4,1,3,2,4,5,4,1,2,1,3,3,0,3,1,1,2,0,2,2,0,0,1,1,1,0,0,0,0,11
Deborah Watson Stokes,,,,,,,,,,,,,0,4,2,4,4,2,2,4,2,0,4,5,6,2,0,2,3,3,2,3,2,2,1,2,2,2,1,0,1,1,1,0,11
Leon Goodman,,,,,,,,,,,,,,1,4,5,3,2,3,3,2,3,5,5,3,1,1,2,2,2,1,2,2,1,1,2,2,0,3,2,2,0,1,1,11
Ken Powell,,,,,,,,,,,,,,,0,3,2,1,4,2,5,5,2,4,3,4,2,2,1,1,1,0,1,1,1,2,0,2,4,2,1,2,0,0,11
Wayne M D Bennett,,,,,,,,,,,,,,,,0,6,3,2,4,2,3,3,2,1,1,3,3,3,3,3,2,1,3,2,1,1,1,2,2,0,0,0,0,11
Leon A King Ii,,,,,,,,,,,,,,,,,0,4,3,2,1,2,3,0,1,0,2,1,2,2,3,0,2,2,1,3,4,0,1,1,0,1,1,1,11
Brian T Ortelere,,,,,,,,,,,,,,,,,,0,1,0,1,3,2,1,1,0,0,2,0,1,2,0,0,2,0,1,2,0,0,0,0,0,0,1,11
Lucretia Clemons,,,,,,,,,,,,,,,,,,,0,2,5,2,3,5,4,3,2,3,1,1,2,1,2,1,0,3,1,2,2,3,1,1,0,1,11
Betsy Wahl,,,,,,,,,,,,,,,,,,,,0,4,1,1,1,3,0,4,1,4,2,2,3,2,2,2,0,0,2,3,1,0,1,1,1,11
Chris Mallios,,,,,,,,,,,,,,,,,,,,,0,3,2,4,2,3,3,1,1,1,2,0,1,2,1,1,0,2,3,1,0,0,1,2,11
Jon Marshall,,,,,,,,,,,,,,,,,,,,,,0,2,1,0,1,1,3,0,2,1,0,2,2,0,0,0,0,2,2,0,0,1,1,11
Frances Fattah,,,,,,,,,,,,,,,,,,,,,,,0,4,3,2,1,2,1,2,1,0,1,1,0,3,1,0,1,1,1,0,1,1,11
Thomas Martin,,,,,,,,,,,,,,,,,,,,,,,,0,5,3,1,3,1,0,1,0,0,2,1,2,0,1,1,1,2,0,0,0,11
Lynne M Summers,,,,,,,,,,,,,,,,,,,,,,,,,0,2,0,2,1,0,1,1,1,1,0,3,1,0,1,0,1,2,0,0,11
Vincent N Melchiorre,,,,,,,,,,,,,,,,,,,,,,,,,,0,3,0,0,0,1,0,0,1,1,1,0,0,1,0,0,1,0,0,11
Anthony Kyriakakis,,,,,,,,,,,,,,,,,,,,,,,,,,,0,0,2,1,0,0,1,2,3,0,0,0,2,0,0,1,1,1,11
James F Berardinelli,,,,,,,,,,,,,,,,,,,,,,,,,,,,0,2,1,3,1,0,2,0,1,0,2,0,1,1,1,0,0,11
Marissa Brumbach,,,,,,,,,,,,,,,,,,,,,,,,,,,,,0,3,1,3,1,2,2,1,1,2,0,0,1,0,1,0,11
Rania Major,,,,,,,,,,,,,,,,,,,,,,,,,,,,,,0,0,2,3,0,0,0,2,2,2,1,0,0,3,1,11
Sherman Toppin,,,,,,,,,,,,,,,,,,,,,,,,,,,,,,,0,1,0,1,0,2,0,1,0,0,0,1,0,1,11
Jodi Lobel,,,,,,,,,,,,,,,,,,,,,,,,,,,,,,,,0,1,0,0,0,0,2,0,0,0,0,0,0,11
Shanese Johnson,,,,,,,,,,,,,,,,,,,,,,,,,,,,,,,,,0,0,0,1,1,1,2,1,0,1,1,1,11
Vince Giusini,,,,,,,,,,,,,,,,,,,,,,,,,,,,,,,,,,0,3,0,0,0,0,0,1,0,0,0,11
Chris Mccabe,,,,,,,,,,,,,,,,,,,,,,,,,,,,,,,,,,,0,0,0,0,1,0,1,1,0,0,11
Joshua Hill,,,,,,,,,,,,,,,,,,,,,,,,,,,,,,,,,,,,0,1,0,0,0,1,1,0,1,11
Starr Marshall Cash,,,,,,,,,,,,,,,,,,,,,,,,,,,,,,,,,,,,,0,0,0,0,0,1,2,0,11
Stella Tsai,,,,,,,,,,,,,,,,,,,,,,,,,,,,,,,,,,,,,,0,1,1,0,1,0,0,11
Vincent Furlong,,,,,,,,,,,,,,,,,,,,,,,,,,,,,,,,,,,,,,,0,2,0,1,1,1,11
Edward William Louden Jr,,,,,,,,,,,,,,,,,,,,,,,,,,,,,,,,,,,,,,,,0,0,0,0,0,11
Franklin A Bennett Iii,,,,,,,,,,,,,,,,,,,,,,,,,,,,,,,,,,,,,,,,,0,0,0,0,11
William J Ciancaglini,,,,,,,,,,,,,,,,,,,,,,,,,,,,,,,,,,,,,,,,,,0,0,0,11
Sandjai Weaver,,,,,,,,,,,,,,,,,,,,,,,,,,,,,,,,,,,,,,,,,,,0,1,11
Tangie M Boston,,,,,,,,,,,,,,,,,,,,,,,,,,,,,,,,,,,,,,,,,,,,0,11
Total,68,30,28,23,21,20,18,16,16,16,15,14,14,14,13,13,12,11,11,10,10,10,9,9,8,8,7,7,7,7,7,6,6,6,5,5,5,5,5,4,4,4,3,2,11
,Register Of Wills - Democrat,Judge Of The Court Of Common Pleas - Democrat,,,,,,,,,,,,,,,,,,,,,,,,,,,,,,,,,,,,,,,,,,,12
,Ronald R Donatucci,Ken Powell,Michael Fanning,Daine Grey Jr,Tracy B Roman,Jennifer Schultz,Kai Scott,Lyris Younge,Scott Diclaudio,Mia Roberts Perez,Jon Marshall,Lynne M Summers,Frances Fattah,Leon Goodman,Vincent Furlong,Abbe Fletman,Edward William Louden Jr,Stephanie M Sawyer,Rainy Papademetriou,Deborah Watson Stokes,Stella Tsai,Betsy Wahl,Vincent N Melchiorre,Leon A King Ii,Lucretia Clemons,Thomas Martin,Chris Mallios,James F Berardinelli,Rania Major,Wayne M D Bennett,Brian T Ortelere,Marissa Brumbach,Shanese Johnson,Vince Giusini,Jodi Lobel,Anthony Kyriakakis,Sandjai Weaver,Chris Mccabe,Joshua Hill,Franklin A Bennett Iii,William J Ciancaglini,Sherman Toppin,Starr Marshall Cash,Tangie M Boston,12
Ronald R Donatucci,7,31,22,26,28,20,25,23,22,23,18,17,18,16,15,15,13,15,10,13,13,11,11,12,11,10,10,7,11,10,7,9,10,9,7,6,7,4,6,5,4,4,3,2,12
Ken Powell,,0,13,16,17,10,16,15,15,11,17,7,10,9,6,9,11,4,5,6,3,5,9,4,3,6,8,3,5,3,2,4,5,5,1,2,2,1,1,1,0,1,1,0,12
Michael Fanning,,,6,12,14,4,13,8,11,14,9,6,3,4,4,10,3,4,7,3,3,4,9,3,4,5,8,3,2,3,4,4,3,3,2,1,1,3,2,4,1,1,0,0,12
Daine Grey Jr,,,,0,17,9,15,13,14,10,13,11,8,8,5,12,7,5,8,5,4,7,10,2,3,4,5,6,5,3,3,6,5,5,3,2,3,1,1,3,2,0,0,0,12
Tracy B Roman,,,,,0,12,16,18,15,16,15,11,7,9,5,12,9,9,6,4,5,6,8,3,3,6,7,5,3,3,2,7,2,5,4,2,1,2,2,2,1,2,1,0,12
Jennifer Schultz,,,,,,2,7,8,5,4,5,8,10,8,5,3,8,8,4,6,7,7,1,5,3,4,2,4,5,5,3,7,6,4,3,2,4,2,2,2,1,2,2,0,12
Kai Scott,,,,,,,0,13,14,12,13,7,6,7,6,10,7,4,7,4,4,5,10,5,6,5,8,2,4,5,5,4,5,3,1,3,3,1,2,1,1,2,1,1,12
Lyris Younge,,,,,,,,2,13,13,13,6,7,8,6,10,6,7,6,5,5,5,6,6,4,2,6,5,3,2,2,4,2,1,4,4,1,3,2,0,2,2,1,1,12
Scott Diclaudio,,,,,,,,,0,9,15,6,4,7,5,11,7,2,5,3,1,3,10,3,1,3,7,4,3,4,4,1,2,3,1,2,4,2,2,1,0,1,0,0,12
Mia Roberts Perez,,,,,,,,,,0,10,4,5,5,8,10,1,8,7,5,6,4,8,5,5,5,8,2,3,2,3,3,3,3,5,3,2,1,4,1,2,1,2,1,12
Jon Marshall,,,,,,,,,,,1,3,2,8,3,9,6,0,5,2,1,1,7,2,1,2,5,2,3,1,2,1,2,1,0,1,2,0,1,0,1,0,1,1,12
Lynne M Summers,,,,,,,,,,,,1,7,2,4,5,5,8,5,5,6,8,4,2,3,3,2,4,3,3,0,6,4,6,3,2,2,3,2,3,2,1,1,0,12
Frances Fattah,,,,,,,,,,,,,0,5,7,3,5,9,1,9,6,6,3,6,3,3,2,1,4,6,1,4,5,4,1,3,4,2,3,0,1,2,2,0,12
Leon Goodman,,,,,,,,,,,,,,1,5,5,9,2,3,3,3,2,1,5,2,4,2,2,5,5,4,4,4,3,1,1,2,2,0,2,1,2,1,1,12
Vincent Furlong,,,,,,,,,,,,,,,0,4,4,7,3,4,4,3,4,5,5,6,2,1,2,7,2,0,3,3,1,1,2,0,3,0,3,1,1,1,12
Abbe Fletman,,,,,,,,,,,,,,,,0,2,2,3,3,5,4,7,1,1,2,6,2,2,2,3,3,0,1,2,0,1,2,0,2,1,0,1,1,12
Edward William Louden Jr,,,,,,,,,,,,,,,,,0,1,1,2,0,5,4,1,0,3,0,3,0,6,2,3,3,4,0,1,1,1,1,0,0,0,0,0,12
Stephanie M Sawyer,,,,,,,,,,,,,,,,,,0,3,7,6,7,2,7,5,4,1,2,2,4,0,4,3,3,5,3,2,1,3,2,2,2,1,0,12
Rainy Papademetriou,,,,,,,,,,,,,,,,,,,0,4,3,3,1,1,1,4,2,3,2,1,5,2,1,1,2,4,3,0,2,1,2,0,1,1,12
Deborah Watson Stokes,,,,,,,,,,,,,,,,,,,,0,5,4,1,4,4,2,3,1,3,3,1,3,3,3,3,3,5,0,2,0,1,1,3,2,12
Stella Tsai,,,,,,,,,,,,,,,,,,,,,0,6,1,4,4,0,3,0,4,2,1,5,3,1,4,3,3,3,2,3,3,1,3,1,12
Betsy Wahl,,,,,,,,,,,,,,,,,,,,,,0,4,2,0,2,0,2,3,4,1,6,2,2,2,2,2,2,2,1,1,0,0,0,12
Vincent N Melchiorre,,,,,,,,,,,,,,,,,,,,,,,0,2,1,1,6,2,1,1,0,1,3,2,0,0,0,1,1,0,0,0,0,0,12
Leon A King Ii,,,,,,,,,,,,,,,,,,,,,,,,0,5,1,3,2,3,2,1,1,5,0,2,2,2,3,3,1,1,3,0,0,12
Lucretia Clemons,,,,,,,,,,,,,,,,,,,,,,,,,0,1,2,1,2,0,2,1,2,2,3,1,1,2,1,2,2,2,1,1,12
Thomas Martin,,,,,,,,,,,,,,,,,,,,,,,,,,0,2,1,2,5,2,2,3,4,1,0,2,0,1,1,2,0,0,0,12
Chris Mallios,,,,,,,,,,,,,,,,,,,,,,,,,,,0,1,1,1,1,1,1,2,2,1,1,2,1,1,0,1,1,0,12
James F Berardinelli,,,,,,,,,,,,,,,,,,,,,,,,,,,,1,0,1,2,1,0,1,2,1,1,2,1,1,1,1,0,0,12
Rania Major,,,,,,,,,,,,,,,,,,,,,,,,,,,,,0,2,2,3,5,1,0,1,2,2,0,2,0,2,0,1,12
Wayne M D Bennett,,,,,,,,,,,,,,,,,,,,,,,,,,,,,,0,3,1,3,2,0,1,3,0,2,1,1,0,0,0,12
Brian T Ortelere,,,,,,,,,,,,,,,,,,,,,,,,,,,,,,,0,0,1,0,1,0,2,2,0,1,0,0,0,0,12
Marissa Brumbach,,,,,,,,,,,,,,,,,,,,,,,,,,,,,,,,0,2,5,2,1,0,1,1,1,0,0,1,0,12
Shanese Johnson,,,,,,,,,,,,,,,,,,,,,,,,,,,,,,,,,0,2,0,1,3,1,1,2,1,1,0,0,12
Vince Giusini,,,,,,,,,,,,,,,,,,,,,,,,,,,,,,,,,,0,1,1,0,0,2,1,1,0,1,0,12
Jodi Lobel,,,,,,,,,,,,,,,,,,,,,,,,,,,,,,,,,,,0,2,2,1,2,2,1,0,1,0,12
Anthony Kyriakakis,,,,,,,,,,,,,,,,,,,,,,,,,,,,,,,,,,,,0,3,0,3,1,2,0,1,0,12
Sandjai Weaver,,,,,,,,,,,,,,,,,,,,,,,,,,,,,,,,,,,,,0,0,2,1,1,0,1,0,12
Chris Mccabe,,,,,,,,,,,,,,,,,,,,,,,,,,,,,,,,,,,,,,0,0,1,0,2,0,0,12
Joshua Hill,,,,,,,,,,,,,,,,,,,,,,,,,,,,,,,,,,,,,,,0,0,1,0,1,0,12
Franklin A Bennett Iii,,,,,,,,,,,,,,,,,,,,,,,,,,,,,,,,,,,,,,,,0,2,1,0,0,12
William J Ciancaglini,,,,,,,,,,,,,,,,,,,,,,,,,,,,,,,,,,,,,,,,,0,0,1,1,12
Sherman Toppin,,,,,,,,,,,,,,,,,,,,,,,,,,,,,,,,,,,,,,,,,,0,0,1,12
Starr Marshall Cash,,,,,,,,,,,,,,,,,,,,,,,,,,,,,,,,,,,,,,,,,,,0,1,12
Tangie M Boston,,,,,,,,,,,,,,,,,,,,,,,,,,,,,,,,,,,,,,,,,,,,0,12
Total,75,34,34,31,31,28,28,27,26,25,21,20,18,18,18,17,17,16,15,14,14,13,13,12,12,12,11,11,11,11,10,10,10,9,8,7,7,6,6,5,5,4,3,2,12
,Register Of Wills - Democrat,Judge Of The Court Of Common Pleas - Democrat,,,,,,,,,,,,,,,,,,,,,,,,,,,,,,,,,,,,,,,,,,,13
,Ronald R Donatucci,Michael Fanning,Tracy B Roman,Daine Grey Jr,Kai Scott,Ken Powell,Lyris Younge,Scott Diclaudio,Abbe Fletman,Jon Marshall,Mia Roberts Perez,Vincent N Melchiorre,Chris Mallios,Jennifer Schultz,Jodi Lobel,Betsy Wahl,Brian T Ortelere,James F Berardinelli,Leon Goodman,Vincent Furlong,Stephanie M Sawyer,Chris Mccabe,Deborah Watson Stokes,Lynne M Summers,Rainy Papademetriou,Wayne M D Bennett,Anthony Kyriakakis,Thomas Martin,Leon A King Ii,Edward William Louden Jr,Frances Fattah,Lucretia Clemons,Shanese Johnson,Vince Giusini,Joshua Hill,Marissa Brumbach,Rania Major,Stella Tsai,Tangie M Boston,Sandjai Weaver,Sherman Toppin,Starr Marshall Cash,Franklin A Bennett Iii,William J Ciancaglini,13
Ronald R Donatucci,3,18,24,21,19,19,20,19,17,19,16,11,11,11,6,8,7,11,13,11,8,7,8,7,4,8,6,5,6,5,5,5,5,4,3,4,4,2,4,3,3,3,2,1,13
Michael Fanning,,2,14,13,16,14,12,13,11,12,14,13,12,2,4,1,5,1,2,3,4,2,1,2,5,3,2,3,3,3,1,1,2,0,1,1,1,0,2,0,2,1,1,0,13
Tracy B Roman,,,0,21,17,19,16,17,16,17,16,13,13,4,4,3,6,8,7,6,6,1,4,5,2,3,3,2,4,3,4,4,4,1,2,2,3,1,2,1,2,2,1,1,13
Daine Grey Jr,,,,0,14,17,14,16,15,17,14,11,12,6,2,3,7,5,6,5,3,1,4,2,3,3,2,2,5,2,3,3,1,1,2,2,1,1,2,1,2,2,2,0,13
Kai Scott,,,,,1,13,12,11,16,11,17,12,12,3,1,4,4,3,4,4,6,2,1,1,4,6,5,2,4,2,1,2,3,3,1,2,2,1,1,1,1,1,1,1,13
Ken Powell,,,,,,0,16,18,16,17,13,14,13,4,3,0,4,5,6,4,2,3,3,3,2,2,1,4,3,3,2,0,0,1,1,0,1,1,2,1,2,1,1,0,13
Lyris Younge,,,,,,,1,13,14,14,12,9,9,7,4,4,4,4,4,3,5,3,3,3,2,4,3,2,3,3,2,1,3,2,0,3,3,1,2,3,1,2,1,0,13
Scott Diclaudio,,,,,,,,1,13,15,13,11,12,3,2,1,3,4,4,2,2,2,1,3,0,2,0,0,2,3,3,1,0,1,0,1,1,0,0,1,2,1,0,0,13
Abbe Fletman,,,,,,,,,0,15,15,12,12,6,2,3,4,6,2,3,5,1,0,1,1,2,2,1,1,0,1,0,0,3,0,1,0,1,0,1,1,0,0,0,13
Jon Marshall,,,,,,,,,,1,12,11,10,7,2,2,5,6,4,4,2,1,2,1,1,2,1,2,4,2,1,0,0,0,1,0,0,0,1,0,2,0,1,0,13
Mia Roberts Perez,,,,,,,,,,,0,12,13,2,3,4,5,1,1,1,7,1,2,3,3,4,3,0,3,1,3,1,2,2,1,1,0,2,1,1,1,0,0,0,13
Vincent N Melchiorre,,,,,,,,,,,,0,13,1,1,1,2,2,1,2,2,3,2,1,1,0,1,3,1,0,1,0,0,2,2,0,0,1,1,0,0,0,0,0,13
Chris Mallios,,,,,,,,,,,,,0,2,1,2,2,1,2,2,3,1,1,1,0,2,1,1,0,1,1,0,0,2,1,0,0,1,0,1,1,0,0,0,13
Jennifer Schultz,,,,,,,,,,,,,,0,2,5,5,7,4,7,2,2,2,1,2,3,3,2,2,3,0,0,1,2,1,2,1,1,1,1,1,0,1,0,13
Jodi Lobel,,,,,,,,,,,,,,,2,2,2,2,2,1,1,1,2,3,0,1,0,0,0,1,1,0,1,0,1,1,2,1,0,1,1,1,0,0,13
Betsy Wahl,,,,,,,,,,,,,,,,3,2,3,1,2,2,3,1,0,2,4,4,1,2,1,1,0,1,2,2,1,0,1,0,1,0,0,0,0,13
Brian T Ortelere,,,,,,,,,,,,,,,,,1,6,2,4,2,2,1,1,5,2,1,0,3,2,0,0,1,0,2,0,0,1,0,0,0,0,0,0,13
James F Berardinelli,,,,,,,,,,,,,,,,,,0,5,8,3,2,1,2,3,2,2,2,2,2,0,1,1,1,3,0,1,0,0,0,1,0,0,1,13
Leon Goodman,,,,,,,,,,,,,,,,,,,0,7,2,3,5,2,1,4,2,3,3,2,2,3,2,1,1,0,2,0,3,1,2,2,2,1,13
Vincent Furlong,,,,,,,,,,,,,,,,,,,,0,3,2,3,2,3,3,2,3,2,2,1,2,3,1,3,1,2,1,2,0,1,0,1,1,13
Stephanie M Sawyer,,,,,,,,,,,,,,,,,,,,,0,0,2,2,1,4,4,0,1,0,2,3,3,2,1,2,2,1,1,2,1,1,0,1,13
Chris Mccabe,,,,,,,,,,,,,,,,,,,,,,0,3,2,2,2,2,3,1,1,1,1,1,2,1,1,1,0,1,1,0,1,0,0,13
Deborah Watson Stokes,,,,,,,,,,,,,,,,,,,,,,,0,3,0,1,0,3,1,0,3,3,2,0,2,1,2,1,3,2,1,3,2,0,13
Lynne M Summers,,,,,,,,,,,,,,,,,,,,,,,,0,0,0,0,0,0,2,1,2,2,1,1,2,1,1,1,0,1,0,0,0,13
Rainy Papademetriou,,,,,,,,,,,,,,,,,,,,,,,,,0,3,3,2,3,1,0,0,1,0,1,0,0,0,1,0,0,0,0,0,13
Wayne M D Bennett,,,,,,,,,,,,,,,,,,,,,,,,,,0,5,0,3,2,1,1,2,2,1,1,2,1,0,2,1,1,0,1,13
Anthony Kyriakakis,,,,,,,,,,,,,,,,,,,,,,,,,,,0,1,2,0,0,1,1,2,1,1,1,1,1,1,0,0,0,1,13
Thomas Martin,,,,,,,,,,,,,,,,,,,,,,,,,,,,1,1,0,0,1,0,1,1,0,0,0,3,0,1,1,2,0,13
Leon A King Ii,,,,,,,,,,,,,,,,,,,,,,,,,,,,,0,2,1,0,1,0,1,0,0,0,1,0,0,0,1,0,13
Edward William Louden Jr,,,,,,,,,,,,,,,,,,,,,,,,,,,,,,0,0,0,2,0,0,1,1,0,0,0,1,0,0,0,13
Frances Fattah,,,,,,,,,,,,,,,,,,,,,,,,,,,,,,,0,2,2,0,0,1,2,0,1,2,0,2,0,0,13
Lucretia Clemons,,,,,,,,,,,,,,,,,,,,,,,,,,,,,,,,0,3,1,0,2,2,0,2,1,1,2,1,1,13
Shanese Johnson,,,,,,,,,,,,,,,,,,,,,,,,,,,,,,,,,0,0,0,2,3,0,1,1,0,1,0,1,13
Vince Giusini,,,,,,,,,,,,,,,,,,,,,,,,,,,,,,,,,,0,0,2,0,1,0,1,0,0,0,0,13
Joshua Hill,,,,,,,,,,,,,,,,,,,,,,,,,,,,,,,,,,,0,0,0,1,0,0,0,0,0,0,13
Marissa Brumbach,,,,,,,,,,,,,,,,,,,,,,,,,,,,,,,,,,,,0,2,1,0,1,0,1,0,0,13
Rania Major,,,,,,,,,,,,,,,,,,,,,,,,,,,,,,,,,,,,,0,0,0,2,0,2,0,1,13
Stella Tsai,,,,,,,,,,,,,,,,,,,,,,,,,,,,,,,,,,,,,,1,0,0,0,0,0,0,13
Tangie M Boston,,,,,,,,,,,,,,,,,,,,,,,,,,,,,,,,,,,,,,,0,0,1,1,2,0,13
Sandjai Weaver,,,,,,,,,,,,,,,,,,,,,,,,,,,,,,,,,,,,,,,,0,0,2,0,0,13
Sherman Toppin,,,,,,,,,,,,,,,,,,,,,,,,,,,,,,,,,,,,,,,,,0,1,1,0,13
Starr Marshall Cash,,,,,,,,,,,,,,,,,,,,,,,,,,,,,,,,,,,,,,,,,,0,1,0,13
Franklin A Bennett Iii,,,,,,,,,,,,,,,,,,,,,,,,,,,,,,,,,,,,,,,,,,,0,0,13
William J Ciancaglini,,,,,,,,,,,,,,,,,,,,,,,,,,,,,,,,,,,,,,,,,,,,0,13
Total,51,29,28,25,25,25,24,23,22,22,22,17,16,14,14,13,13,13,13,13,10,9,9,8,8,8,7,7,6,5,5,5,5,5,4,4,4,4,4,3,3,3,2,1,13
,Register Of Wills - Democrat,Judge Of The Court Of Common Pleas - Democrat,,,,,,,,,,,,,,,,,,,,,,,,,,,,,,,,,,,,,,,,,,,14
,Ronald R Donatucci,Jodi Lobel,Abbe Fletman,Jennifer Schultz,Daine Grey Jr,Tracy B Roman,Leon Goodman,Ken Powell,Lyris Younge,James F Berardinelli,Jon Marshall,Michael Fanning,Scott Diclaudio,Vincent Furlong,Kai Scott,Lynne M Summers,Rainy Papademetriou,Chris Mallios,Stephanie M Sawyer,Anthony Kyriakakis,Edward William Louden Jr,Betsy Wahl,Leon A King Ii,Thomas Martin,Vince Giusini,Shanese Johnson,Stella Tsai,Vincent N Melchiorre,Brian T Ortelere,Deborah Watson Stokes,Sandjai Weaver,Sherman Toppin,Chris Mccabe,Joshua Hill,Lucretia Clemons,Mia Roberts Perez,Wayne M D Bennett,Rania Major,Frances Fattah,William J Ciancaglini,Marissa Brumbach,Starr Marshall Cash,Franklin A Bennett Iii,Tangie M Boston,14
Ronald R Donatucci,6,21,18,19,17,21,22,19,17,17,17,12,18,18,12,14,11,11,11,10,12,8,9,11,10,9,9,9,7,8,9,9,5,8,8,8,7,6,4,6,3,2,3,1,14
Jodi Lobel,,8,10,8,8,8,6,8,6,8,6,9,5,6,6,6,5,5,4,5,3,6,3,4,5,3,4,5,3,4,4,4,4,1,4,2,5,5,3,0,2,2,1,1,14
Abbe Fletman,,,0,10,11,7,10,9,5,11,9,7,7,7,8,3,6,7,3,3,5,7,3,6,5,2,4,5,6,3,2,2,2,1,1,2,1,2,1,1,2,1,1,1,14
Jennifer Schultz,,,,1,7,9,10,10,5,6,7,5,4,6,3,9,5,3,4,3,4,6,1,3,3,4,4,1,4,4,5,3,1,3,2,3,2,4,3,0,3,1,1,0,14
Daine Grey Jr,,,,,0,10,5,9,9,4,9,4,6,7,5,6,6,5,5,5,7,5,3,3,6,5,5,2,4,2,3,3,0,1,4,4,2,2,2,1,1,2,1,1,14
Tracy B Roman,,,,,,0,10,12,9,6,8,5,11,9,5,9,3,3,5,5,7,2,6,3,3,4,6,5,3,4,6,4,2,3,1,4,5,2,2,3,3,3,1,0,14
Leon Goodman,,,,,,,0,12,5,7,10,2,9,6,4,6,5,1,5,1,5,3,6,6,1,1,3,2,3,3,4,5,1,5,1,3,3,1,2,2,1,0,2,0,14
Ken Powell,,,,,,,,0,6,8,13,6,9,7,3,5,3,6,4,5,6,3,5,6,4,1,2,6,4,2,6,3,3,2,2,6,3,3,2,2,1,0,1,0,14
Lyris Younge,,,,,,,,,1,5,6,4,6,6,5,3,5,5,6,3,5,1,5,3,6,4,4,3,5,3,3,3,0,2,3,4,3,3,1,1,0,1,1,1,14
James F Berardinelli,,,,,,,,,,0,5,6,6,10,3,4,6,5,2,5,4,4,4,7,4,2,2,7,7,4,3,3,4,3,2,3,3,2,0,3,3,0,1,0,14
Jon Marshall,,,,,,,,,,,0,3,6,4,2,2,3,3,3,2,6,2,4,3,2,2,1,1,4,2,3,3,1,2,2,4,2,1,1,1,0,1,1,1,14
Michael Fanning,,,,,,,,,,,,4,2,3,8,4,3,5,4,5,2,3,0,2,3,1,0,6,3,1,2,4,0,1,2,4,1,3,2,0,2,1,1,0,14
Scott Diclaudio,,,,,,,,,,,,,1,7,2,2,2,4,3,2,6,3,3,3,3,1,3,3,3,3,3,2,2,2,2,2,4,2,0,3,1,1,1,0,14
Vincent Furlong,,,,,,,,,,,,,,0,4,5,6,3,3,5,6,2,5,6,6,5,4,5,6,1,5,3,3,2,2,0,4,1,1,4,1,1,1,0,14
Kai Scott,,,,,,,,,,,,,,,1,2,3,5,4,2,0,3,2,2,3,3,3,4,2,0,2,3,0,2,2,3,2,3,1,1,1,0,1,0,14
Lynne M Summers,,,,,,,,,,,,,,,,0,3,1,3,4,2,2,4,2,2,5,4,3,0,3,4,3,2,3,2,3,1,3,2,1,2,1,1,0,14
Rainy Papademetriou,,,,,,,,,,,,,,,,,0,2,4,3,3,4,2,2,3,1,2,3,5,1,0,0,1,3,2,3,2,2,1,1,0,0,0,0,14
Chris Mallios,,,,,,,,,,,,,,,,,,0,2,5,0,3,2,2,5,2,2,6,3,4,2,1,3,1,1,3,1,2,0,0,1,1,1,1,14
Stephanie M Sawyer,,,,,,,,,,,,,,,,,,,0,2,1,4,5,3,1,2,2,2,0,3,0,1,0,4,2,3,2,2,2,3,0,1,0,0,14
Anthony Kyriakakis,,,,,,,,,,,,,,,,,,,,0,2,1,2,2,4,2,2,4,3,1,1,1,3,2,1,1,3,1,1,2,2,1,0,1,14
Edward William Louden Jr,,,,,,,,,,,,,,,,,,,,,0,2,1,3,4,2,1,1,3,1,1,1,0,0,1,1,1,0,0,1,1,1,0,0,14
Betsy Wahl,,,,,,,,,,,,,,,,,,,,,,0,1,3,3,2,4,2,2,3,0,1,0,2,2,2,0,2,0,1,2,1,1,0,14
Leon A King Ii,,,,,,,,,,,,,,,,,,,,,,,0,4,1,3,3,3,1,2,2,1,3,3,2,2,2,0,2,3,0,1,1,0,14
Thomas Martin,,,,,,,,,,,,,,,,,,,,,,,,0,2,1,5,2,2,2,2,2,2,1,2,1,1,1,1,3,0,0,1,0,14
Vince Giusini,,,,,,,,,,,,,,,,,,,,,,,,,0,3,3,4,5,1,4,1,1,0,2,0,2,2,0,1,1,0,1,1,14
Shanese Johnson,,,,,,,,,,,,,,,,,,,,,,,,,,0,2,1,0,2,2,2,2,3,2,2,2,2,1,2,1,2,1,0,14
Stella Tsai,,,,,,,,,,,,,,,,,,,,,,,,,,,0,1,2,2,2,1,1,1,2,1,1,3,2,2,1,2,1,1,14
Vincent N Melchiorre,,,,,,,,,,,,,,,,,,,,,,,,,,,,0,3,2,1,1,3,1,0,3,1,1,0,1,1,1,0,0,14
Brian T Ortelere,,,,,,,,,,,,,,,,,,,,,,,,,,,,,0,1,1,1,0,0,0,1,1,0,0,0,1,0,0,1,14
Deborah Watson Stokes,,,,,,,,,,,,,,,,,,,,,,,,,,,,,,1,1,1,1,2,0,2,0,1,0,1,1,1,0,1,14
Sandjai Weaver,,,,,,,,,,,,,,,,,,,,,,,,,,,,,,,0,5,1,0,3,1,2,3,1,1,0,0,2,0,14
Sherman Toppin,,,,,,,,,,,,,,,,,,,,,,,,,,,,,,,,0,0,2,4,1,1,1,1,1,1,1,3,0,14
Chris Mccabe,,,,,,,,,,,,,,,,,,,,,,,,,,,,,,,,,1,1,0,0,2,1,1,1,1,1,0,0,14
Joshua Hill,,,,,,,,,,,,,,,,,,,,,,,,,,,,,,,,,,0,2,3,2,1,1,3,2,0,1,0,14
Lucretia Clemons,,,,,,,,,,,,,,,,,,,,,,,,,,,,,,,,,,,0,2,0,2,2,3,0,0,2,0,14
Mia Roberts Perez,,,,,,,,,,,,,,,,,,,,,,,,,,,,,,,,,,,,0,0,3,1,0,0,0,0,0,14
Wayne M D Bennett,,,,,,,,,,,,,,,,,,,,,,,,,,,,,,,,,,,,,0,1,0,1,1,0,1,0,14
Rania Major,,,,,,,,,,,,,,,,,,,,,,,,,,,,,,,,,,,,,,0,1,0,0,1,0,0,14
Frances Fattah,,,,,,,,,,,,,,,,,,,,,,,,,,,,,,,,,,,,,,,0,0,1,2,0,0,14
William J Ciancaglini,,,,,,,,,,,,,,,,,,,,,,,,,,,,,,,,,,,,,,,,0,0,0,1,0,14
Marissa Brumbach,,,,,,,,,,,,,,,,,,,,,,,,,,,,,,,,,,,,,,,,,0,1,0,0,14
Starr Marshall Cash,,,,,,,,,,,,,,,,,,,,,,,,,,,,,,,,,,,,,,,,,,0,0,0,14
Franklin A Bennett Iii,,,,,,,,,,,,,,,,,,,,,,,,,,,,,,,,,,,,,,,,,,,0,0,14
Tangie M Boston,,,,,,,,,,,,,,,,,,,,,,,,,,,,,,,,,,,,,,,,,,,,0,14
Total,67,35,27,24,23,23,22,21,20,19,19,19,19,19,15,14,14,13,13,12,12,11,11,11,11,10,10,10,9,9,9,9,8,8,8,8,8,7,6,6,5,4,3,1,14
,Register Of Wills - Democrat,Judge Of The Court Of Common Pleas - Democrat,,,,,,,,,,,,,,,,,,,,,,,,,,,,,,,,,,,,,,,,,,,15
,Ronald R Donatucci,Ken Powell,Daine Grey Jr,Mia Roberts Perez,Abbe Fletman,Michael Fanning,Tracy B Roman,Chris Mallios,Kai Scott,Scott Diclaudio,Lyris Younge,Vincent N Melchiorre,Jon Marshall,Anthony Kyriakakis,Lynne M Summers,Stephanie M Sawyer,Chris Mccabe,Vince Giusini,Betsy Wahl,Rainy Papademetriou,Jennifer Schultz,Leon Goodman,Thomas Martin,Vincent Furlong,Deborah Watson Stokes,James F Berardinelli,Leon A King Ii,Stella Tsai,Frances Fattah,Brian T Ortelere,Sandjai Weaver,Sherman Toppin,Edward William Louden Jr,Joshua Hill,William J Ciancaglini,Jodi Lobel,Lucretia Clemons,Marissa Brumbach,Wayne M D Bennett,Franklin A Bennett Iii,Rania Major,Shanese Johnson,Starr Marshall Cash,Tangie M Boston,15
Ronald R Donatucci,8,24,25,28,26,21,23,23,22,21,17,20,18,12,17,15,15,13,13,13,15,12,15,12,8,11,10,12,8,6,9,8,6,7,6,5,4,5,5,3,4,3,4,1,15
Ken Powell,,0,32,22,25,27,28,26,24,28,23,23,23,12,7,9,5,6,7,8,4,8,4,5,5,2,4,2,2,3,1,2,6,4,3,1,4,1,1,2,0,0,1,0,15
Daine Grey Jr,,,0,26,28,27,26,27,24,23,22,24,19,12,4,12,7,7,6,6,1,6,4,4,4,4,4,3,2,4,4,5,2,3,1,0,1,1,1,2,1,0,1,0,15
Mia Roberts Perez,,,,0,27,20,24,25,26,22,19,24,15,2,7,12,9,4,6,5,7,4,8,3,4,2,1,5,4,2,4,3,1,3,2,3,2,2,2,1,2,2,1,1,15
Abbe Fletman,,,,,0,23,23,26,26,23,21,27,19,7,5,10,6,7,8,8,6,3,7,1,2,3,3,5,5,3,4,1,2,1,1,3,1,1,2,0,2,1,0,0,15
Michael Fanning,,,,,,3,16,26,18,19,17,22,13,9,4,7,8,6,4,5,1,4,3,2,2,2,3,1,3,2,3,2,2,0,1,0,0,0,1,2,0,0,2,0,15
Tracy B Roman,,,,,,,0,18,22,24,23,18,22,6,5,11,4,6,5,4,2,7,3,3,6,3,3,6,4,2,4,3,4,3,2,3,4,3,1,1,2,1,0,0,15
Chris Mallios,,,,,,,,0,21,21,17,23,14,8,4,10,10,5,6,6,5,5,4,2,2,1,2,3,2,3,1,2,1,1,0,2,1,0,0,1,0,1,1,1,15
Kai Scott,,,,,,,,,0,19,21,19,18,4,4,7,4,4,6,5,4,6,5,2,3,2,5,3,3,2,4,2,3,3,2,2,0,0,3,2,1,1,0,1,15
Scott Diclaudio,,,,,,,,,,0,21,20,22,5,3,6,4,5,6,7,5,7,5,4,7,4,2,3,2,5,1,2,3,2,3,2,2,1,3,0,1,0,1,0,15
Lyris Younge,,,,,,,,,,,1,15,22,2,4,6,3,3,2,4,1,6,1,1,3,0,4,1,3,0,2,3,3,1,1,1,2,0,1,0,1,0,1,0,15
Vincent N Melchiorre,,,,,,,,,,,,0,13,5,2,10,6,8,4,4,1,2,6,2,2,4,0,2,1,3,2,0,1,1,3,0,1,1,2,0,0,0,1,0,15
Jon Marshall,,,,,,,,,,,,,0,3,5,3,3,1,4,5,3,8,3,4,3,2,4,1,2,2,2,4,4,4,1,2,1,1,2,1,1,1,1,0,15
Anthony Kyriakakis,,,,,,,,,,,,,,0,5,2,5,11,4,7,2,2,4,1,2,3,6,3,2,3,3,4,1,4,2,0,1,0,3,1,1,0,0,0,15
Lynne M Summers,,,,,,,,,,,,,,,0,5,5,4,8,4,9,5,4,7,3,3,7,5,6,1,4,3,1,6,1,2,3,1,2,0,4,3,1,1,15
Stephanie M Sawyer,,,,,,,,,,,,,,,,0,5,4,5,2,3,3,5,2,3,5,1,4,1,0,2,2,1,0,0,2,2,3,1,0,1,0,1,0,15
Chris Mccabe,,,,,,,,,,,,,,,,,0,4,2,4,4,3,4,3,2,3,3,3,2,1,2,2,1,3,4,2,1,0,0,2,0,1,1,0,15
Vince Giusini,,,,,,,,,,,,,,,,,,0,3,5,3,1,4,2,0,5,3,2,0,2,3,3,1,2,4,0,1,1,2,0,1,0,0,0,15
Betsy Wahl,,,,,,,,,,,,,,,,,,,0,6,8,4,4,4,4,6,4,7,5,2,2,1,1,1,0,3,1,4,1,1,2,2,2,1,15
Rainy Papademetriou,,,,,,,,,,,,,,,,,,,,1,5,2,1,2,2,4,2,4,1,5,0,1,2,3,2,3,2,1,1,0,1,0,0,0,15
Jennifer Schultz,,,,,,,,,,,,,,,,,,,,,1,3,5,5,2,4,2,5,2,0,2,0,1,2,2,4,2,1,1,0,3,2,0,1,15
Leon Goodman,,,,,,,,,,,,,,,,,,,,,,1,3,4,3,3,5,1,2,1,4,4,3,2,2,2,3,2,1,2,0,2,1,1,15
Thomas Martin,,,,,,,,,,,,,,,,,,,,,,,0,2,3,3,3,3,3,1,4,3,1,3,1,0,1,2,3,1,1,2,1,1,15
Vincent Furlong,,,,,,,,,,,,,,,,,,,,,,,,0,2,5,4,2,0,4,2,2,3,4,2,1,1,0,1,1,1,1,1,1,15
Deborah Watson Stokes,,,,,,,,,,,,,,,,,,,,,,,,,2,2,3,3,4,3,2,2,3,2,1,1,2,2,2,0,1,1,1,0,15
James F Berardinelli,,,,,,,,,,,,,,,,,,,,,,,,,,1,3,3,2,3,4,1,1,0,3,1,0,2,1,2,1,1,1,0,15
Leon A King Ii,,,,,,,,,,,,,,,,,,,,,,,,,,,0,2,5,2,4,5,2,3,1,1,1,0,3,1,1,1,0,0,15
Stella Tsai,,,,,,,,,,,,,,,,,,,,,,,,,,,,0,2,1,4,2,0,1,0,4,2,2,1,0,4,1,1,0,15
Frances Fattah,,,,,,,,,,,,,,,,,,,,,,,,,,,,,1,2,4,2,1,1,0,1,1,2,1,1,1,3,1,0,15
Brian T Ortelere,,,,,,,,,,,,,,,,,,,,,,,,,,,,,,1,1,2,1,2,1,0,0,0,1,0,0,0,0,0,15
Sandjai Weaver,,,,,,,,,,,,,,,,,,,,,,,,,,,,,,,0,4,1,1,1,1,1,1,2,2,3,2,1,0,15
Sherman Toppin,,,,,,,,,,,,,,,,,,,,,,,,,,,,,,,,0,1,3,0,1,0,2,2,1,1,1,2,0,15
Edward William Louden Jr,,,,,,,,,,,,,,,,,,,,,,,,,,,,,,,,,0,1,2,1,1,0,0,1,0,0,1,0,15
Joshua Hill,,,,,,,,,,,,,,,,,,,,,,,,,,,,,,,,,,0,1,0,1,0,2,0,1,2,0,1,15
William J Ciancaglini,,,,,,,,,,,,,,,,,,,,,,,,,,,,,,,,,,,0,1,2,0,0,2,0,0,0,0,15
Jodi Lobel,,,,,,,,,,,,,,,,,,,,,,,,,,,,,,,,,,,,0,2,1,1,0,1,1,0,0,15
Lucretia Clemons,,,,,,,,,,,,,,,,,,,,,,,,,,,,,,,,,,,,,0,1,0,0,1,1,0,0,15
Marissa Brumbach,,,,,,,,,,,,,,,,,,,,,,,,,,,,,,,,,,,,,,0,1,1,0,1,1,0,15
Wayne M D Bennett,,,,,,,,,,,,,,,,,,,,,,,,,,,,,,,,,,,,,,,0,0,1,0,0,0,15
Franklin A Bennett Iii,,,,,,,,,,,,,,,,,,,,,,,,,,,,,,,,,,,,,,,,0,0,1,1,0,15
Rania Major,,,,,,,,,,,,,,,,,,,,,,,,,,,,,,,,,,,,,,,,,0,1,0,0,15
Shanese Johnson,,,,,,,,,,,,,,,,,,,,,,,,,,,,,,,,,,,,,,,,,,0,1,1,15
Starr Marshall Cash,,,,,,,,,,,,,,,,,,,,,,,,,,,,,,,,,,,,,,,,,,,0,0,15
Tangie M Boston,,,,,,,,,,,,,,,,,,,,,,,,,,,,,,,,,,,,,,,,,,,,0,15
Total,73,46,42,41,40,39,39,38,36,36,33,32,30,19,19,19,18,18,17,17,16,16,16,14,13,13,13,12,11,10,9,9,8,8,7,6,6,6,6,4,4,4,4,1,15
,Register Of Wills - Democrat,Judge Of The Court Of Common Pleas - Democrat,,,,,,,,,,,,,,,,,,,,,,,,,,,,,,,,,,,,,,,,,,,16
,Ronald R Donatucci,Michael Fanning,Tracy B Roman,Jodi Lobel,Kai Scott,Scott Diclaudio,Marissa Brumbach,Mia Roberts Perez,Jennifer Schultz,Ken Powell,Chris Mallios,Leon Goodman,Vincent Furlong,Lyris Younge,Betsy Wahl,Abbe Fletman,Daine Grey Jr,Stephanie M Sawyer,Vincent N Melchiorre,Vince Giusini,Brian T Ortelere,Deborah Watson Stokes,James F Berardinelli,Jon Marshall,Lucretia Clemons,Anthony Kyriakakis,Chris Mccabe,Joshua Hill,Lynne M Summers,Thomas Martin,Edward William Louden Jr,Rainy Papademetriou,Leon A King Ii,Stella Tsai,Rania Major,William J Ciancaglini,Sherman Toppin,Wayne M D Bennett,Frances Fattah,Sandjai Weaver,Shanese Johnson,Tangie M Boston,Starr Marshall Cash,Franklin A Bennett Iii,16
Ronald R Donatucci,9,22,20,15,19,16,16,17,15,14,13,16,13,14,12,8,12,11,11,10,7,10,9,8,10,9,9,9,9,10,6,7,7,5,5,5,4,4,2,3,2,2,2,1,16
Michael Fanning,,3,8,8,12,12,9,11,4,8,10,4,10,7,5,4,5,5,9,5,6,6,6,3,5,5,3,3,3,3,0,5,2,3,2,2,1,1,0,1,0,0,1,0,16
Tracy B Roman,,,0,5,10,10,4,6,10,8,4,5,4,8,9,9,8,4,7,6,5,2,6,9,3,3,3,2,5,4,4,5,4,5,4,2,2,3,1,3,0,2,1,0,16
Jodi Lobel,,,,1,5,5,3,3,5,2,2,3,4,2,5,3,2,4,1,1,2,3,1,1,2,1,2,3,5,0,0,3,1,4,2,1,2,0,0,2,2,2,0,1,16
Kai Scott,,,,,0,7,6,12,6,9,7,3,5,7,8,6,8,5,10,5,5,5,1,4,5,6,5,3,4,4,1,9,2,3,1,3,2,1,0,2,0,0,2,0,16
Scott Diclaudio,,,,,,0,5,6,5,9,9,5,10,9,2,5,5,4,8,6,4,4,5,7,3,4,1,2,1,4,4,1,2,0,0,1,1,2,0,0,0,0,0,0,16
Marissa Brumbach,,,,,,,0,7,6,7,7,4,7,7,7,2,3,6,7,5,2,8,3,0,9,7,4,7,5,3,0,1,2,3,3,2,1,2,0,1,2,3,0,1,16
Mia Roberts Perez,,,,,,,,0,6,8,6,1,5,9,6,3,5,5,7,1,4,6,0,1,8,5,2,1,3,3,1,7,3,4,2,1,2,0,0,1,1,1,1,0,16
Jennifer Schultz,,,,,,,,,1,3,4,3,4,4,8,6,5,8,2,5,4,4,5,2,5,3,4,4,6,6,4,3,3,4,3,2,2,1,2,1,2,3,1,1,16
Ken Powell,,,,,,,,,,0,8,5,6,10,5,5,7,1,7,3,2,5,1,6,6,5,3,3,1,2,2,3,2,1,1,0,1,1,2,0,1,0,0,0,16
Chris Mallios,,,,,,,,,,,1,5,9,5,4,3,5,3,6,3,1,5,4,2,5,4,6,4,1,1,0,1,2,0,0,2,1,1,1,0,0,0,1,0,16
Leon Goodman,,,,,,,,,,,,0,2,3,2,2,4,1,2,4,0,2,2,3,1,3,5,4,2,2,3,0,3,0,1,2,1,2,1,0,1,0,1,0,16
Vincent Furlong,,,,,,,,,,,,,1,5,2,2,3,3,5,5,3,6,6,1,5,5,3,4,2,4,2,1,2,1,1,2,0,1,2,1,1,0,0,0,16
Lyris Younge,,,,,,,,,,,,,,0,4,2,4,4,5,2,0,6,0,6,7,5,1,0,1,2,3,1,2,2,2,0,2,1,0,0,0,1,1,0,16
Betsy Wahl,,,,,,,,,,,,,,,0,5,2,6,4,4,2,3,3,1,6,4,1,3,5,3,0,4,2,4,3,1,0,2,1,2,1,3,0,0,16
Abbe Fletman,,,,,,,,,,,,,,,,1,7,3,4,3,3,2,2,4,1,3,2,2,1,2,2,2,2,0,0,0,1,0,1,0,1,0,1,1,16
Daine Grey Jr,,,,,,,,,,,,,,,,,0,3,3,2,2,4,1,4,3,2,4,2,1,2,2,3,3,2,2,0,1,0,1,1,1,0,2,0,16
Stephanie M Sawyer,,,,,,,,,,,,,,,,,,0,3,3,3,4,3,1,4,1,2,4,4,4,1,1,1,2,2,1,2,1,0,1,2,3,1,1,16
Vincent N Melchiorre,,,,,,,,,,,,,,,,,,,0,5,2,3,2,3,4,5,2,3,1,2,0,3,1,0,0,4,1,2,0,0,0,0,0,0,16
Vince Giusini,,,,,,,,,,,,,,,,,,,,0,3,1,5,3,1,4,3,4,2,5,3,1,1,0,0,3,1,3,1,0,0,0,1,0,16
Brian T Ortelere,,,,,,,,,,,,,,,,,,,,,1,1,3,1,0,1,0,2,4,3,1,5,0,2,1,1,1,1,0,1,1,0,0,1,16
Deborah Watson Stokes,,,,,,,,,,,,,,,,,,,,,,0,1,1,6,3,3,3,2,1,0,0,3,2,2,1,2,0,1,0,3,1,1,1,16
James F Berardinelli,,,,,,,,,,,,,,,,,,,,,,,1,1,1,2,2,3,1,2,1,0,1,0,1,1,0,2,1,1,0,1,0,0,16
Jon Marshall,,,,,,,,,,,,,,,,,,,,,,,,1,0,1,1,0,1,2,3,0,1,0,0,1,1,2,0,0,0,0,1,0,16
Lucretia Clemons,,,,,,,,,,,,,,,,,,,,,,,,,0,6,0,0,2,1,0,2,3,3,4,0,0,1,1,1,2,3,0,0,16
Anthony Kyriakakis,,,,,,,,,,,,,,,,,,,,,,,,,,0,1,1,1,2,2,1,0,0,1,1,0,2,0,1,0,1,1,0,16
Chris Mccabe,,,,,,,,,,,,,,,,,,,,,,,,,,,0,6,1,1,1,1,2,0,0,3,2,0,1,0,0,0,2,0,16
Joshua Hill,,,,,,,,,,,,,,,,,,,,,,,,,,,,0,3,3,0,1,2,0,0,3,2,1,1,0,1,0,0,1,16
Lynne M Summers,,,,,,,,,,,,,,,,,,,,,,,,,,,,,0,4,0,3,0,5,2,2,1,1,0,2,2,2,0,1,16
Thomas Martin,,,,,,,,,,,,,,,,,,,,,,,,,,,,,,0,4,2,2,1,0,2,1,2,1,0,0,0,0,0,16
Edward William Louden Jr,,,,,,,,,,,,,,,,,,,,,,,,,,,,,,,3,0,1,0,0,0,1,1,1,0,0,0,1,0,16
Rainy Papademetriou,,,,,,,,,,,,,,,,,,,,,,,,,,,,,,,,0,2,3,1,1,1,0,0,2,0,0,0,0,16
Leon A King Ii,,,,,,,,,,,,,,,,,,,,,,,,,,,,,,,,,0,1,2,1,2,1,1,0,1,0,0,0,16
Stella Tsai,,,,,,,,,,,,,,,,,,,,,,,,,,,,,,,,,,0,3,0,0,0,0,2,1,2,0,0,16
Rania Major,,,,,,,,,,,,,,,,,,,,,,,,,,,,,,,,,,,0,0,0,1,1,2,1,2,0,0,16
William J Ciancaglini,,,,,,,,,,,,,,,,,,,,,,,,,,,,,,,,,,,,0,1,2,0,0,0,0,0,0,16
Sherman Toppin,,,,,,,,,,,,,,,,,,,,,,,,,,,,,,,,,,,,,0,1,0,0,1,0,1,1,16
Wayne M D Bennett,,,,,,,,,,,,,,,,,,,,,,,,,,,,,,,,,,,,,,0,0,1,0,1,0,0,16
Frances Fattah,,,,,,,,,,,,,,,,,,,,,,,,,,,,,,,,,,,,,,,0,0,1,0,0,0,16
Sandjai Weaver,,,,,,,,,,,,,,,,,,,,,,,,,,,,,,,,,,,,,,,,0,0,1,0,0,16
Shanese Johnson,,,,,,,,,,,,,,,,,,,,,,,,,,,,,,,,,,,,,,,,,0,1,0,1,16
Tangie M Boston,,,,,,,,,,,,,,,,,,,,,,,,,,,,,,,,,,,,,,,,,,0,0,0,16
Starr Marshall Cash,,,,,,,,,,,,,,,,,,,,,,,,,,,,,,,,,,,,,,,,,,,0,0,16
Franklin A Bennett Iii,,,,,,,,,,,,,,,,,,,,,,,,,,,,,,,,,,,,,,,,,,,,0,16
Total,65,30,24,22,21,20,19,19,18,18,17,17,17,16,15,13,13,13,13,12,11,11,11,11,11,10,10,10,10,10,9,9,7,6,5,5,4,4,3,3,3,3,2,1,16
,Register Of Wills - Democrat,Judge Of The Court Of Common Pleas - Democrat,,,,,,,,,,,,,,,,,,,,,,,,,,,,,,,,,,,,,,,,,,,17
,Ronald R Donatucci,Kai Scott,Abbe Fletman,Ken Powell,Tracy B Roman,James F Berardinelli,Scott Diclaudio,Mia Roberts Perez,Jennifer Schultz,Jon Marshall,Lynne M Summers,Leon Goodman,Rainy Papademetriou,Daine Grey Jr,Deborah Watson Stokes,Chris Mccabe,Michael Fanning,Stephanie M Sawyer,Vincent Furlong,Thomas Martin,Anthony Kyriakakis,Betsy Wahl,Chris Mallios,Jodi Lobel,Lyris Younge,Stella Tsai,Vince Giusini,Vincent N Melchiorre,Wayne M D Bennett,Leon A King Ii,Lucretia Clemons,Marissa Brumbach,Sandjai Weaver,William J Ciancaglini,Brian T Ortelere,Frances Fattah,Franklin A Bennett Iii,Edward William Louden Jr,Sherman Toppin,Joshua Hill,Rania Major,Shanese Johnson,Starr Marshall Cash,Tangie M Boston,17
Ronald R Donatucci,7,15,14,13,15,11,11,12,13,12,13,11,8,11,9,9,8,9,10,7,6,8,5,6,7,7,8,7,7,6,6,6,6,6,5,3,5,4,4,3,3,3,2,1,17
Kai Scott,,0,9,7,6,6,7,10,6,7,5,3,5,4,6,4,5,5,3,5,4,2,3,4,3,4,3,2,3,3,3,2,3,0,4,2,1,0,2,0,2,2,1,0,17
Abbe Fletman,,,0,8,3,5,6,5,5,4,2,6,5,6,6,4,2,2,3,1,2,2,3,4,3,4,0,4,0,3,2,1,2,1,2,1,1,1,1,1,0,0,1,1,17
Ken Powell,,,,0,4,7,9,5,4,7,5,7,4,4,6,1,3,1,4,4,0,2,2,4,4,2,4,3,1,2,0,2,0,2,2,1,2,3,0,1,1,3,0,0,17
Tracy B Roman,,,,,0,2,5,4,7,7,6,6,5,3,4,2,4,4,3,2,2,3,1,2,3,4,1,0,1,2,3,3,5,1,2,3,2,3,1,0,1,0,0,0,17
James F Berardinelli,,,,,,1,9,7,4,1,3,2,3,0,6,4,2,4,6,4,2,1,2,4,0,1,5,4,3,2,1,1,1,2,1,1,2,1,0,0,1,1,0,0,17
Scott Diclaudio,,,,,,,2,7,4,5,2,4,5,1,6,1,2,3,5,4,0,1,1,5,2,0,4,2,1,1,2,1,2,1,1,1,2,3,0,0,0,1,0,0,17
Mia Roberts Perez,,,,,,,,0,4,2,4,1,4,2,7,3,3,3,3,2,1,1,2,4,2,3,3,2,2,1,1,1,2,1,2,1,1,1,1,0,1,0,1,0,17
Jennifer Schultz,,,,,,,,,0,5,7,5,2,5,3,3,3,5,6,3,2,4,1,2,2,5,4,4,3,3,2,4,4,2,1,2,0,1,1,0,1,1,0,0,17
Jon Marshall,,,,,,,,,,0,4,7,3,5,2,0,4,2,3,3,2,1,1,1,5,1,2,2,1,1,2,1,1,2,2,2,1,3,1,0,1,2,0,0,17
Lynne M Summers,,,,,,,,,,,0,5,1,6,5,4,3,5,3,5,3,7,1,4,2,6,5,3,2,1,3,6,4,2,2,2,2,2,2,2,3,2,0,0,17
Leon Goodman,,,,,,,,,,,,0,1,5,2,1,2,2,3,2,1,4,3,2,4,2,2,3,0,3,2,2,2,1,0,2,1,3,1,1,2,1,0,0,17
Rainy Papademetriou,,,,,,,,,,,,,1,1,2,1,3,2,1,3,3,0,1,1,1,2,2,0,0,1,1,0,2,1,1,0,1,1,0,0,0,0,0,0,17
Daine Grey Jr,,,,,,,,,,,,,,0,3,3,4,4,3,2,2,5,3,2,5,4,2,2,1,0,2,3,1,1,2,0,0,1,4,2,2,2,2,1,17
Deborah Watson Stokes,,,,,,,,,,,,,,,0,2,3,5,2,2,0,2,2,4,2,3,1,2,1,0,2,2,3,2,0,1,3,2,1,0,0,0,1,0,17
Chris Mccabe,,,,,,,,,,,,,,,,0,4,5,3,1,4,3,1,3,2,3,2,4,4,2,2,2,1,1,2,1,1,1,3,2,1,0,2,1,17
Michael Fanning,,,,,,,,,,,,,,,,,0,5,3,2,2,1,4,1,4,1,2,3,2,1,1,2,1,2,2,1,2,1,2,0,0,1,1,0,17
Stephanie M Sawyer,,,,,,,,,,,,,,,,,,0,4,3,3,4,2,2,1,3,3,2,3,1,3,3,3,1,0,0,1,1,3,0,1,1,1,0,17
Vincent Furlong,,,,,,,,,,,,,,,,,,,0,2,1,2,1,2,2,0,4,4,2,1,0,2,0,1,0,0,1,2,1,0,0,1,0,0,17
Thomas Martin,,,,,,,,,,,,,,,,,,,,0,3,3,1,2,1,1,4,1,2,1,3,3,3,0,1,1,2,0,1,1,1,2,0,0,17
Anthony Kyriakakis,,,,,,,,,,,,,,,,,,,,,0,3,1,1,1,3,2,1,2,2,3,1,2,1,0,0,1,0,2,2,1,0,1,1,17
Betsy Wahl,,,,,,,,,,,,,,,,,,,,,,0,1,3,1,4,2,1,1,0,4,5,3,0,0,0,1,0,3,3,2,1,1,1,17
Chris Mallios,,,,,,,,,,,,,,,,,,,,,,,0,1,2,1,1,2,1,1,1,0,1,0,0,0,1,0,1,1,1,1,1,0,17
Jodi Lobel,,,,,,,,,,,,,,,,,,,,,,,,0,0,1,2,1,1,1,2,2,2,0,0,1,1,1,1,2,1,1,0,0,17
Lyris Younge,,,,,,,,,,,,,,,,,,,,,,,,,1,1,1,1,1,0,1,1,0,1,1,1,1,3,2,1,0,1,2,1,17
Stella Tsai,,,,,,,,,,,,,,,,,,,,,,,,,,0,2,1,1,1,2,2,3,1,1,1,0,0,1,2,2,1,1,1,17
Vince Giusini,,,,,,,,,,,,,,,,,,,,,,,,,,,0,3,2,2,0,2,1,2,1,0,0,1,0,1,1,3,0,0,17
Vincent N Melchiorre,,,,,,,,,,,,,,,,,,,,,,,,,,,,0,1,2,0,1,0,2,1,0,0,1,0,0,0,0,0,0,17
Wayne M D Bennett,,,,,,,,,,,,,,,,,,,,,,,,,,,,,0,1,1,1,1,2,1,1,2,0,1,1,1,1,1,0,17
Leon A King Ii,,,,,,,,,,,,,,,,,,,,,,,,,,,,,,0,1,0,2,1,0,1,0,0,0,0,0,0,0,0,17
Lucretia Clemons,,,,,,,,,,,,,,,,,,,,,,,,,,,,,,,0,2,4,0,0,1,2,0,2,2,1,0,1,1,17
Marissa Brumbach,,,,,,,,,,,,,,,,,,,,,,,,,,,,,,,,0,3,0,1,0,1,0,1,1,0,1,0,0,17
Sandjai Weaver,,,,,,,,,,,,,,,,,,,,,,,,,,,,,,,,,0,0,0,1,2,0,0,1,0,0,0,0,17
William J Ciancaglini,,,,,,,,,,,,,,,,,,,,,,,,,,,,,,,,,,0,0,1,2,1,0,0,0,0,0,0,17
Brian T Ortelere,,,,,,,,,,,,,,,,,,,,,,,,,,,,,,,,,,,0,1,0,0,0,0,1,1,0,0,17
Frances Fattah,,,,,,,,,,,,,,,,,,,,,,,,,,,,,,,,,,,,1,1,1,0,0,1,0,0,0,17
Franklin A Bennett Iii,,,,,,,,,,,,,,,,,,,,,,,,,,,,,,,,,,,,,0,1,0,1,0,0,0,0,17
Edward William Louden Jr,,,,,,,,,,,,,,,,,,,,,,,,,,,,,,,,,,,,,,0,0,0,0,0,0,0,17
Sherman Toppin,,,,,,,,,,,,,,,,,,,,,,,,,,,,,,,,,,,,,,,0,1,1,0,2,1,17
Joshua Hill,,,,,,,,,,,,,,,,,,,,,,,,,,,,,,,,,,,,,,,,0,1,1,1,1,17
Rania Major,,,,,,,,,,,,,,,,,,,,,,,,,,,,,,,,,,,,,,,,,0,1,0,0,17
Shanese Johnson,,,,,,,,,,,,,,,,,,,,,,,,,,,,,,,,,,,,,,,,,,0,0,0,17
Starr Marshall Cash,,,,,,,,,,,,,,,,,,,,,,,,,,,,,,,,,,,,,,,,,,,0,1,17
Tangie M Boston,,,,,,,,,,,,,,,,,,,,,,,,,,,,,,,,,,,,,,,,,,,,0,17
Total,52,19,18,16,16,15,15,14,13,13,13,12,12,11,11,10,10,10,10,9,8,8,8,8,8,8,8,8,7,6,6,6,6,6,5,5,5,4,4,3,3,3,2,1,17
,Register Of Wills - Democrat,Judge Of The Court Of Common Pleas - Democrat,,,,,,,,,,,,,,,,,,,,,,,,,,,,,,,,,,,,,,,,,,,18
,Ronald R Donatucci,Ken Powell,Tracy B Roman,Lyris Younge,Abbe Fletman,Jon Marshall,Scott Diclaudio,James F Berardinelli,Jennifer Schultz,Michael Fanning,Kai Scott,Vincent Furlong,Daine Grey Jr,Mia Roberts Perez,Vincent N Melchiorre,Joshua Hill,Leon Goodman,Chris Mallios,Rainy Papademetriou,Deborah Watson Stokes,Edward William Louden Jr,Stephanie M Sawyer,Vince Giusini,Franklin A Bennett Iii,Leon A King Ii,Lynne M Summers,Stella Tsai,Wayne M D Bennett,Anthony Kyriakakis,Brian T Ortelere,Chris Mccabe,Thomas Martin,Lucretia Clemons,Marissa Brumbach,Rania Major,William J Ciancaglini,Frances Fattah,Jodi Lobel,Sandjai Weaver,Shanese Johnson,Betsy Wahl,Sherman Toppin,Starr Marshall Cash,Tangie M Boston,18
Ronald R Donatucci,9,21,21,20,17,15,12,15,15,11,14,16,12,10,8,12,10,8,9,9,8,7,8,8,8,8,9,8,8,7,7,6,6,7,7,6,6,6,6,6,5,4,4,1,18
Ken Powell,,0,19,18,12,15,18,6,5,8,9,7,11,6,8,6,4,7,3,5,7,3,5,0,3,2,4,4,3,4,2,2,1,2,2,3,2,2,3,2,2,1,2,0,18
Tracy B Roman,,,1,17,11,18,17,7,5,7,9,7,10,6,5,6,7,6,3,4,8,4,3,2,3,5,3,6,2,4,1,3,4,2,5,3,5,1,3,3,2,3,2,1,18
Lyris Younge,,,,0,12,14,14,6,5,5,9,5,9,9,3,3,6,5,5,6,6,3,3,3,6,4,5,2,4,1,1,0,3,2,1,2,2,2,3,2,3,2,3,1,18
Abbe Fletman,,,,,0,11,11,4,7,6,9,5,9,7,4,2,4,4,6,3,3,2,4,2,1,4,3,0,4,4,5,3,3,3,1,0,0,3,0,1,2,1,1,1,18
Jon Marshall,,,,,,0,14,4,5,3,8,2,6,3,2,1,3,3,2,2,7,1,3,2,5,2,2,2,2,1,1,2,1,1,1,3,2,2,1,2,2,1,3,0,18
Scott Diclaudio,,,,,,,0,5,3,5,7,3,7,4,4,2,5,7,3,0,6,3,3,1,0,1,2,2,2,3,2,2,1,1,1,0,0,2,2,0,0,1,2,0,18
James F Berardinelli,,,,,,,,0,5,4,5,8,1,4,5,4,4,5,7,1,3,1,7,4,2,1,3,3,2,4,2,5,4,2,2,4,2,4,3,1,2,2,2,0,18
Jennifer Schultz,,,,,,,,,2,3,2,7,3,5,2,5,0,2,4,5,3,2,1,4,3,3,2,1,2,1,2,4,1,2,2,2,1,2,3,2,3,0,4,0,18
Michael Fanning,,,,,,,,,,3,5,4,4,3,8,5,1,6,3,1,0,1,4,3,1,1,2,2,2,1,4,1,1,2,1,2,0,1,1,1,0,0,1,0,18
Kai Scott,,,,,,,,,,,0,3,8,5,3,2,4,4,3,2,3,5,5,1,3,2,1,1,2,4,2,3,3,1,2,2,2,2,0,2,1,1,2,0,18
Vincent Furlong,,,,,,,,,,,,0,4,4,4,7,3,3,4,5,2,1,1,2,1,4,4,4,3,2,3,3,2,4,5,2,3,1,0,1,0,1,2,0,18
Daine Grey Jr,,,,,,,,,,,,,0,6,3,5,2,2,1,5,2,5,2,0,2,3,5,3,3,2,2,0,3,1,4,1,2,1,2,2,2,1,1,1,18
Mia Roberts Perez,,,,,,,,,,,,,,0,1,4,2,4,4,5,1,5,1,1,2,3,5,1,2,1,1,2,4,2,2,0,1,1,3,2,4,0,3,1,18
Vincent N Melchiorre,,,,,,,,,,,,,,,0,4,3,6,1,3,0,2,4,2,1,2,2,2,2,0,2,2,0,3,1,4,1,3,0,0,0,2,0,0,18
Joshua Hill,,,,,,,,,,,,,,,,0,3,1,3,5,2,1,2,2,3,4,3,6,1,2,3,2,1,5,5,1,4,2,3,2,1,2,2,0,18
Leon Goodman,,,,,,,,,,,,,,,,,0,2,2,2,3,2,3,2,0,3,2,3,2,2,1,2,2,3,3,0,2,4,1,0,0,2,0,0,18
Chris Mallios,,,,,,,,,,,,,,,,,,0,2,0,0,2,3,1,0,0,2,1,2,1,1,3,1,1,0,1,0,2,1,0,1,0,2,0,18
Rainy Papademetriou,,,,,,,,,,,,,,,,,,,0,2,2,1,3,4,2,1,3,1,3,4,2,2,3,2,1,0,1,1,2,0,1,0,1,0,18
Deborah Watson Stokes,,,,,,,,,,,,,,,,,,,,0,1,3,1,2,3,4,5,3,2,1,0,1,2,2,2,2,2,1,1,2,2,1,2,1,18
Edward William Louden Jr,,,,,,,,,,,,,,,,,,,,,0,1,1,1,3,1,1,1,1,2,0,1,1,1,1,2,4,1,2,2,2,1,1,0,18
Stephanie M Sawyer,,,,,,,,,,,,,,,,,,,,,,0,1,0,1,2,3,2,1,1,0,1,3,1,1,1,1,0,1,2,2,0,1,1,18
Vince Giusini,,,,,,,,,,,,,,,,,,,,,,,0,2,1,0,3,2,4,4,2,2,1,1,1,3,0,3,2,0,1,1,1,0,18
Franklin A Bennett Iii,,,,,,,,,,,,,,,,,,,,,,,,0,2,1,3,2,3,1,2,1,0,2,1,2,1,2,2,0,1,0,1,0,18
Leon A King Ii,,,,,,,,,,,,,,,,,,,,,,,,,0,2,1,1,1,0,0,1,1,2,2,3,3,0,2,2,2,2,2,0,18
Lynne M Summers,,,,,,,,,,,,,,,,,,,,,,,,,,0,2,2,1,0,0,1,1,4,2,1,2,2,1,2,1,2,0,1,18
Stella Tsai,,,,,,,,,,,,,,,,,,,,,,,,,,,0,3,4,1,2,0,3,2,1,1,1,2,2,2,2,0,1,1,18
Wayne M D Bennett,,,,,,,,,,,,,,,,,,,,,,,,,,,,0,0,2,1,0,0,3,3,0,3,1,1,1,0,2,2,0,18
Anthony Kyriakakis,,,,,,,,,,,,,,,,,,,,,,,,,,,,,0,2,1,0,1,1,1,3,0,1,1,0,0,0,0,0,18
Brian T Ortelere,,,,,,,,,,,,,,,,,,,,,,,,,,,,,,0,1,2,2,0,1,1,1,0,1,1,0,1,0,0,18
Chris Mccabe,,,,,,,,,,,,,,,,,,,,,,,,,,,,,,,0,2,2,2,1,0,0,1,0,0,0,0,0,0,18
Thomas Martin,,,,,,,,,,,,,,,,,,,,,,,,,,,,,,,,1,3,1,2,2,1,2,1,0,2,0,1,0,18
Lucretia Clemons,,,,,,,,,,,,,,,,,,,,,,,,,,,,,,,,,0,0,2,1,1,0,1,2,2,1,0,1,18
Marissa Brumbach,,,,,,,,,,,,,,,,,,,,,,,,,,,,,,,,,,0,2,0,3,1,1,1,1,1,0,0,18
Rania Major,,,,,,,,,,,,,,,,,,,,,,,,,,,,,,,,,,,0,1,3,0,2,0,1,2,1,0,18
William J Ciancaglini,,,,,,,,,,,,,,,,,,,,,,,,,,,,,,,,,,,,0,2,1,1,1,1,1,0,0,18
Frances Fattah,,,,,,,,,,,,,,,,,,,,,,,,,,,,,,,,,,,,,0,0,2,2,2,2,0,0,18
Jodi Lobel,,,,,,,,,,,,,,,,,,,,,,,,,,,,,,,,,,,,,,0,1,0,1,1,1,0,18
Sandjai Weaver,,,,,,,,,,,,,,,,,,,,,,,,,,,,,,,,,,,,,,,0,2,3,1,0,0,18
Shanese Johnson,,,,,,,,,,,,,,,,,,,,,,,,,,,,,,,,,,,,,,,,0,1,1,0,0,18
Betsy Wahl,,,,,,,,,,,,,,,,,,,,,,,,,,,,,,,,,,,,,,,,,0,0,1,1,18
Sherman Toppin,,,,,,,,,,,,,,,,,,,,,,,,,,,,,,,,,,,,,,,,,,0,0,0,18
Starr Marshall Cash,,,,,,,,,,,,,,,,,,,,,,,,,,,,,,,,,,,,,,,,,,,0,0,18
Tangie M Boston,,,,,,,,,,,,,,,,,,,,,,,,,,,,,,,,,,,,,,,,,,,,0,18
Total,63,31,30,28,24,21,21,18,18,18,17,16,15,14,13,12,12,11,11,10,10,10,10,9,9,9,9,9,8,8,8,8,7,7,7,7,6,6,6,6,5,5,5,1,18
,Register Of Wills - Democrat,Judge Of The Court Of Common Pleas - Democrat,,,,,,,,,,,,,,,,,,,,,,,,,,,,,,,,,,,,,,,,,,,19
,Ronald R Donatucci,Jodi Lobel,Abbe Fletman,Tracy B Roman,Kai Scott,Michael Fanning,Mia Roberts Perez,Ken Powell,Scott Diclaudio,Daine Grey Jr,Jennifer Schultz,Vincent N Melchiorre,Jon Marshall,Stephanie M Sawyer,Lynne M Summers,Rainy Papademetriou,Frances Fattah,Thomas Martin,Vincent Furlong,Lyris Younge,Chris Mallios,James F Berardinelli,Betsy Wahl,Marissa Brumbach,Wayne M D Bennett,Leon A King Ii,Leon Goodman,Lucretia Clemons,Brian T Ortelere,Chris Mccabe,Edward William Louden Jr,Stella Tsai,Deborah Watson Stokes,Rania Major,Shanese Johnson,Starr Marshall Cash,Tangie M Boston,Franklin A Bennett Iii,Sherman Toppin,Anthony Kyriakakis,Joshua Hill,Sandjai Weaver,William J Ciancaglini,Vince Giusini,19
Ronald R Donatucci,5,23,21,25,21,15,20,18,17,15,17,13,14,14,14,9,14,11,11,10,10,9,11,10,11,10,9,7,4,6,9,9,8,6,6,6,6,5,5,4,4,4,4,2,19
Jodi Lobel,,5,6,12,6,10,6,7,6,6,10,5,5,8,8,4,4,6,7,1,2,5,5,6,4,4,5,4,4,3,4,5,4,3,3,2,3,3,2,0,3,0,1,0,19
Abbe Fletman,,,1,14,19,10,11,13,14,12,5,12,8,6,5,8,2,5,1,8,9,6,4,4,3,3,3,6,7,8,1,4,4,1,1,2,2,2,3,1,1,2,1,1,19
Tracy B Roman,,,,0,14,10,17,14,15,13,8,9,13,10,8,3,7,7,8,12,8,3,6,4,4,7,5,3,1,0,4,5,4,1,2,3,3,1,3,1,3,2,1,1,19
Kai Scott,,,,,0,10,12,13,11,13,4,13,9,7,5,8,5,8,3,11,10,3,3,3,4,3,2,5,6,6,4,3,5,2,2,4,3,2,1,2,1,3,1,0,19
Michael Fanning,,,,,,5,11,13,10,8,3,9,8,3,3,3,2,4,1,8,8,3,2,4,0,3,1,2,1,1,0,1,1,2,1,3,2,2,1,0,0,1,1,0,19
Mia Roberts Perez,,,,,,,0,12,14,11,7,9,11,4,6,2,6,4,2,9,9,2,5,4,2,6,4,2,0,0,5,3,0,4,2,1,3,1,1,2,1,0,1,2,19
Ken Powell,,,,,,,,0,15,11,5,8,10,6,5,2,4,6,3,9,9,4,3,3,3,2,3,3,1,2,2,4,3,3,1,3,2,2,2,1,1,2,0,0,19
Scott Diclaudio,,,,,,,,,0,11,4,8,10,3,3,3,4,2,0,10,8,5,2,2,3,3,3,2,1,1,4,1,1,2,1,1,2,0,1,2,1,1,0,1,19
Daine Grey Jr,,,,,,,,,,0,5,8,9,5,4,3,3,3,4,10,9,3,2,0,5,1,2,0,1,0,4,3,2,2,1,0,3,0,1,1,2,2,0,0,19
Jennifer Schultz,,,,,,,,,,,0,4,2,5,8,4,3,4,7,1,2,6,7,6,5,4,4,1,2,2,4,6,3,3,0,2,0,2,3,1,3,0,2,2,19
Vincent N Melchiorre,,,,,,,,,,,,0,8,1,2,7,1,6,1,8,9,1,1,3,1,1,2,5,5,5,1,2,0,1,0,0,0,2,1,1,2,0,2,1,19
Jon Marshall,,,,,,,,,,,,,0,2,3,0,3,2,3,8,7,1,1,2,3,5,4,0,1,1,1,1,0,2,2,0,2,1,0,1,0,0,2,0,19
Stephanie M Sawyer,,,,,,,,,,,,,,0,8,1,8,4,5,3,1,1,6,4,5,2,3,4,0,1,3,6,7,1,4,3,6,2,2,1,2,2,0,0,19
Lynne M Summers,,,,,,,,,,,,,,,0,2,6,4,1,2,1,1,6,6,4,3,3,0,0,2,4,6,4,2,2,1,2,2,1,1,3,2,0,0,19
Rainy Papademetriou,,,,,,,,,,,,,,,,0,3,5,3,2,1,6,1,3,1,0,0,5,7,6,1,2,0,1,1,1,0,1,0,2,0,2,1,1,19
Frances Fattah,,,,,,,,,,,,,,,,,0,5,3,2,0,4,5,3,5,4,4,3,0,0,6,4,4,2,4,2,4,1,0,3,0,3,1,2,19
Thomas Martin,,,,,,,,,,,,,,,,,,0,4,3,2,2,2,2,2,3,1,8,4,4,4,3,2,2,2,4,1,1,2,0,2,2,0,0,19
Vincent Furlong,,,,,,,,,,,,,,,,,,,1,1,1,4,2,1,4,4,4,2,2,0,2,2,3,1,0,2,1,2,2,0,1,0,1,0,19
Lyris Younge,,,,,,,,,,,,,,,,,,,,0,7,0,0,1,2,1,1,0,0,0,2,0,0,0,1,1,1,0,0,0,1,1,0,0,19
Chris Mallios,,,,,,,,,,,,,,,,,,,,,0,0,0,1,0,0,2,1,1,1,1,1,0,1,0,0,1,0,0,0,0,0,1,0,19
James F Berardinelli,,,,,,,,,,,,,,,,,,,,,,0,1,4,2,2,4,2,4,1,3,3,2,1,0,2,0,1,1,3,0,2,2,2,19
Betsy Wahl,,,,,,,,,,,,,,,,,,,,,,,0,4,3,3,0,1,0,1,2,4,4,2,1,2,2,1,3,1,1,1,1,1,19
Marissa Brumbach,,,,,,,,,,,,,,,,,,,,,,,,0,1,1,2,2,1,2,1,3,1,2,2,2,1,2,0,1,0,2,3,1,19
Wayne M D Bennett,,,,,,,,,,,,,,,,,,,,,,,,,0,4,3,0,0,2,5,1,3,2,2,1,1,2,0,1,1,1,1,1,19
Leon A King Ii,,,,,,,,,,,,,,,,,,,,,,,,,,0,3,0,0,1,2,1,2,3,2,3,1,2,2,2,0,0,1,1,19
Leon Goodman,,,,,,,,,,,,,,,,,,,,,,,,,,,0,1,2,0,2,2,2,1,2,0,1,2,0,1,0,0,1,1,19
Lucretia Clemons,,,,,,,,,,,,,,,,,,,,,,,,,,,,0,4,4,2,2,2,1,2,2,2,1,1,0,1,1,0,0,19
Brian T Ortelere,,,,,,,,,,,,,,,,,,,,,,,,,,,,,0,5,0,0,0,0,0,0,0,1,0,0,0,0,1,0,19
Chris Mccabe,,,,,,,,,,,,,,,,,,,,,,,,,,,,,,0,0,2,1,1,1,0,0,1,0,0,0,0,1,0,19
Edward William Louden Jr,,,,,,,,,,,,,,,,,,,,,,,,,,,,,,,0,2,1,3,1,0,1,0,0,1,2,1,0,1,19
Stella Tsai,,,,,,,,,,,,,,,,,,,,,,,,,,,,,,,,0,4,1,1,0,2,0,2,2,2,1,1,1,19
Deborah Watson Stokes,,,,,,,,,,,,,,,,,,,,,,,,,,,,,,,,,0,0,1,3,2,2,2,1,1,1,0,0,19
Rania Major,,,,,,,,,,,,,,,,,,,,,,,,,,,,,,,,,,0,2,1,1,1,1,1,0,1,1,0,19
Shanese Johnson,,,,,,,,,,,,,,,,,,,,,,,,,,,,,,,,,,,0,2,3,0,0,1,0,1,1,0,19
Starr Marshall Cash,,,,,,,,,,,,,,,,,,,,,,,,,,,,,,,,,,,,0,1,2,2,1,0,2,0,0,19
Tangie M Boston,,,,,,,,,,,,,,,,,,,,,,,,,,,,,,,,,,,,,0,0,0,1,0,1,0,0,19
Franklin A Bennett Iii,,,,,,,,,,,,,,,,,,,,,,,,,,,,,,,,,,,,,,0,0,0,0,1,0,0,19
Sherman Toppin,,,,,,,,,,,,,,,,,,,,,,,,,,,,,,,,,,,,,,,0,1,2,0,0,0,19
Anthony Kyriakakis,,,,,,,,,,,,,,,,,,,,,,,,,,,,,,,,,,,,,,,,0,0,1,1,1,19
Joshua Hill,,,,,,,,,,,,,,,,,,,,,,,,,,,,,,,,,,,,,,,,,0,0,0,0,19
Sandjai Weaver,,,,,,,,,,,,,,,,,,,,,,,,,,,,,,,,,,,,,,,,,,0,0,0,19
William J Ciancaglini,,,,,,,,,,,,,,,,,,,,,,,,,,,,,,,,,,,,,,,,,,,0,1,19
Vince Giusini,,,,,,,,,,,,,,,,,,,,,,,,,,,,,,,,,,,,,,,,,,,,0,19
Total,60,34,31,30,28,27,23,22,21,19,19,18,16,16,15,15,14,14,14,13,12,12,11,11,11,10,10,10,9,9,9,9,8,6,6,6,6,5,5,4,4,4,4,2,19
,Register Of Wills - Democrat,Judge Of The Court Of Common Pleas - Democrat,,,,,,,,,,,,,,,,,,,,,,,,,,,,,,,,,,,,,,,,,,,20
,Ronald R Donatucci,Ken Powell,Kai Scott,Jon Marshall,Scott Diclaudio,Abbe Fletman,Brian T Ortelere,Rainy Papademetriou,Tracy B Roman,Mia Roberts Perez,Lyris Younge,Daine Grey Jr,Leon Goodman,Jennifer Schultz,Thomas Martin,Chris Mallios,Edward William Louden Jr,Vincent N Melchiorre,James F Berardinelli,Anthony Kyriakakis,Betsy Wahl,Chris Mccabe,Michael Fanning,Vincent Furlong,Jodi Lobel,Lynne M Summers,Leon A King Ii,Lucretia Clemons,Wayne M D Bennett,Shanese Johnson,Franklin A Bennett Iii,Rania Major,Sherman Toppin,William J Ciancaglini,Joshua Hill,Marissa Brumbach,Sandjai Weaver,Stella Tsai,Stephanie M Sawyer,Deborah Watson Stokes,Tangie M Boston,Vince Giusini,Frances Fattah,Starr Marshall Cash,20
Ronald R Donatucci,10,21,17,20,21,15,16,16,16,15,16,13,13,14,9,9,12,6,7,9,7,6,6,9,9,9,6,5,5,6,4,5,3,5,4,4,4,4,3,3,3,2,1,2,20
Ken Powell,,4,10,14,16,10,7,7,13,9,12,11,8,5,3,6,6,5,2,4,1,2,6,5,2,1,3,1,5,2,3,1,2,1,0,1,2,2,1,1,1,1,0,0,20
Kai Scott,,,1,9,7,13,11,12,8,12,7,10,3,2,10,9,3,10,5,3,5,5,9,2,3,2,4,7,3,4,4,2,0,1,1,1,3,1,1,1,2,0,1,2,20
Jon Marshall,,,,1,14,10,8,9,16,7,11,9,7,4,5,5,6,5,2,2,3,2,5,4,4,3,3,1,1,2,3,3,1,0,1,2,3,0,1,0,0,0,1,1,20
Scott Diclaudio,,,,,0,8,7,6,12,5,11,8,9,4,3,6,7,4,3,4,0,1,4,5,2,2,1,2,3,1,3,2,1,2,2,0,3,1,0,2,1,1,0,0,20
Abbe Fletman,,,,,,0,14,14,10,7,5,11,3,6,6,8,1,9,4,1,5,4,8,4,1,1,1,4,4,0,1,0,1,0,0,2,1,1,1,0,0,1,0,0,20
Brian T Ortelere,,,,,,,0,15,6,9,4,7,2,5,5,5,2,6,4,2,3,4,8,4,0,1,1,4,3,0,0,1,2,1,1,1,0,1,0,0,0,1,1,0,20
Rainy Papademetriou,,,,,,,,0,7,8,6,8,4,5,6,4,2,6,4,2,6,7,8,4,4,2,2,5,3,2,1,1,1,1,2,3,1,1,1,0,0,1,0,1,20
Tracy B Roman,,,,,,,,,1,6,10,7,6,4,3,4,4,5,2,1,1,1,5,2,2,2,2,1,1,0,1,1,0,2,2,1,2,0,1,1,0,0,0,0,20
Mia Roberts Perez,,,,,,,,,,0,6,8,2,3,2,6,3,5,2,2,1,1,8,2,2,2,6,2,3,2,1,3,0,2,1,0,0,2,2,2,3,0,1,1,20
Lyris Younge,,,,,,,,,,,0,7,6,2,5,2,6,1,3,1,2,3,3,3,3,3,4,4,3,3,2,1,1,1,2,1,2,1,2,1,2,1,1,1,20
Daine Grey Jr,,,,,,,,,,,,0,3,4,2,6,3,5,4,1,2,1,6,4,3,1,2,1,4,2,2,1,1,0,0,0,2,1,2,0,1,1,1,2,20
Leon Goodman,,,,,,,,,,,,,1,5,3,0,7,1,1,2,2,1,1,4,2,2,0,1,2,2,1,3,2,1,0,1,3,1,1,1,1,1,0,1,20
Jennifer Schultz,,,,,,,,,,,,,,0,3,2,1,2,3,3,4,3,0,5,3,5,1,0,2,0,1,2,1,1,0,3,1,4,2,1,1,1,0,0,20
Thomas Martin,,,,,,,,,,,,,,,0,3,2,3,4,3,5,6,1,3,4,4,3,6,3,2,3,1,2,1,1,2,2,0,1,1,1,2,1,0,20
Chris Mallios,,,,,,,,,,,,,,,,0,2,7,5,3,2,2,5,1,4,2,3,1,2,0,1,1,0,1,1,1,0,2,1,1,1,0,0,0,20
Edward William Louden Jr,,,,,,,,,,,,,,,,,0,0,2,3,1,0,0,2,2,2,1,1,1,2,0,2,0,1,1,0,2,0,0,0,1,0,0,1,20
Vincent N Melchiorre,,,,,,,,,,,,,,,,,,1,2,1,3,3,5,0,1,0,1,2,0,0,1,0,0,0,0,1,0,1,0,1,0,0,0,0,20
James F Berardinelli,,,,,,,,,,,,,,,,,,,1,2,1,1,1,4,3,1,2,2,1,0,1,1,0,1,1,1,0,1,0,2,1,0,0,0,20
Anthony Kyriakakis,,,,,,,,,,,,,,,,,,,,0,2,2,0,3,2,2,1,1,1,1,1,1,2,3,2,2,1,2,0,1,1,1,0,0,20
Betsy Wahl,,,,,,,,,,,,,,,,,,,,,0,4,0,1,3,5,0,3,0,3,0,1,1,0,0,4,1,1,2,0,1,1,1,2,20
Chris Mccabe,,,,,,,,,,,,,,,,,,,,,,0,1,1,3,2,2,5,2,1,2,0,1,1,2,2,0,1,1,0,0,0,0,0,20
Michael Fanning,,,,,,,,,,,,,,,,,,,,,,,0,0,0,0,1,1,2,0,0,0,1,0,0,0,0,0,0,0,0,1,0,0,20
Vincent Furlong,,,,,,,,,,,,,,,,,,,,,,,,0,2,1,0,1,1,2,1,1,0,1,0,1,1,1,0,1,1,0,0,0,20
Jodi Lobel,,,,,,,,,,,,,,,,,,,,,,,,,0,4,2,0,1,2,1,2,0,1,1,2,1,2,2,1,1,0,0,1,20
Lynne M Summers,,,,,,,,,,,,,,,,,,,,,,,,,,0,1,1,0,2,0,2,1,1,1,3,1,1,2,0,2,1,1,1,20
Leon A King Ii,,,,,,,,,,,,,,,,,,,,,,,,,,,0,2,3,1,2,2,1,1,2,0,0,1,1,1,1,1,0,0,20
Lucretia Clemons,,,,,,,,,,,,,,,,,,,,,,,,,,,,0,1,2,1,0,0,1,2,0,1,0,1,1,1,0,1,1,20
Wayne M D Bennett,,,,,,,,,,,,,,,,,,,,,,,,,,,,,0,1,2,0,2,0,0,0,1,1,1,0,0,2,0,0,20
Shanese Johnson,,,,,,,,,,,,,,,,,,,,,,,,,,,,,,0,1,1,0,0,0,1,2,0,1,0,1,0,1,2,20
Franklin A Bennett Iii,,,,,,,,,,,,,,,,,,,,,,,,,,,,,,,0,0,0,0,1,0,1,0,0,0,0,0,0,0,20
Rania Major,,,,,,,,,,,,,,,,,,,,,,,,,,,,,,,,0,0,1,0,0,2,1,0,1,2,0,0,1,20
Sherman Toppin,,,,,,,,,,,,,,,,,,,,,,,,,,,,,,,,,0,0,0,1,0,0,0,0,0,2,1,0,20
William J Ciancaglini,,,,,,,,,,,,,,,,,,,,,,,,,,,,,,,,,,0,3,0,0,1,0,2,1,0,0,0,20
Joshua Hill,,,,,,,,,,,,,,,,,,,,,,,,,,,,,,,,,,,0,0,0,0,0,1,0,0,0,0,20
Marissa Brumbach,,,,,,,,,,,,,,,,,,,,,,,,,,,,,,,,,,,,0,0,1,1,0,0,0,0,0,20
Sandjai Weaver,,,,,,,,,,,,,,,,,,,,,,,,,,,,,,,,,,,,,0,0,0,0,0,0,0,1,20
Stella Tsai,,,,,,,,,,,,,,,,,,,,,,,,,,,,,,,,,,,,,,0,1,1,1,0,0,0,20
Stephanie M Sawyer,,,,,,,,,,,,,,,,,,,,,,,,,,,,,,,,,,,,,,,1,0,1,0,1,1,20
Deborah Watson Stokes,,,,,,,,,,,,,,,,,,,,,,,,,,,,,,,,,,,,,,,,0,1,0,0,0,20
Tangie M Boston,,,,,,,,,,,,,,,,,,,,,,,,,,,,,,,,,,,,,,,,,0,0,1,1,20
Vince Giusini,,,,,,,,,,,,,,,,,,,,,,,,,,,,,,,,,,,,,,,,,,0,0,0,20
Frances Fattah,,,,,,,,,,,,,,,,,,,,,,,,,,,,,,,,,,,,,,,,,,,0,1,20
Starr Marshall Cash,,,,,,,,,,,,,,,,,,,,,,,,,,,,,,,,,,,,,,,,,,,,0,20
Total,67,27,25,24,22,21,21,21,19,18,17,16,16,15,15,13,13,12,11,10,10,10,10,10,9,9,8,8,7,6,5,5,5,5,4,4,4,4,4,3,3,3,2,2,20
,Register Of Wills - Democrat,Judge Of The Court Of Common Pleas - Democrat,,,,,,,,,,,,,,,,,,,,,,,,,,,,,,,,,,,,,,,,,,,21
,Ronald R Donatucci,Tracy B Roman,Jennifer Schultz,Scott Diclaudio,Ken Powell,Kai Scott,Daine Grey Jr,Michael Fanning,Lyris Younge,Leon Goodman,Rainy Papademetriou,Abbe Fletman,Jon Marshall,Vincent Furlong,Chris Mccabe,James F Berardinelli,Mia Roberts Perez,Stella Tsai,Chris Mallios,Edward William Louden Jr,Stephanie M Sawyer,Betsy Wahl,Brian T Ortelere,Vincent N Melchiorre,Anthony Kyriakakis,William J Ciancaglini,Joshua Hill,Marissa Brumbach,Wayne M D Bennett,Lynne M Summers,Rania Major,Sandjai Weaver,Thomas Martin,Deborah Watson Stokes,Frances Fattah,Franklin A Bennett Iii,Jodi Lobel,Lucretia Clemons,Starr Marshall Cash,Vince Giusini,Leon A King Ii,Shanese Johnson,Sherman Toppin,Tangie M Boston,21
Ronald R Donatucci,10,26,23,19,19,18,19,19,15,13,13,13,11,13,11,10,11,10,11,9,12,10,10,11,10,7,6,8,8,6,6,5,6,5,6,6,5,6,5,4,2,3,2,3,21
Tracy B Roman,,0,12,17,15,9,15,8,14,14,9,9,13,9,5,6,6,4,6,10,3,3,2,6,3,4,3,3,5,4,3,5,3,2,4,2,2,1,2,1,0,1,1,1,21
Jennifer Schultz,,,0,9,12,7,11,8,5,12,8,8,6,10,7,8,4,8,3,7,6,6,6,4,4,5,6,5,3,4,3,3,4,3,4,5,3,1,2,1,2,2,1,1,21
Scott Diclaudio,,,,2,15,3,10,8,10,11,6,7,11,7,4,6,4,1,6,9,2,1,4,4,3,2,0,0,2,2,1,1,2,1,0,2,1,1,1,2,0,1,0,1,21
Ken Powell,,,,,0,10,11,11,12,12,9,8,12,6,6,7,8,3,7,10,3,4,6,7,2,0,2,2,2,1,1,1,4,2,0,2,1,3,0,4,1,1,1,0,21
Kai Scott,,,,,,1,9,10,7,3,5,9,4,4,7,2,10,7,9,1,6,6,3,9,3,3,4,4,4,3,3,2,2,4,4,2,3,5,3,3,2,2,1,2,21
Daine Grey Jr,,,,,,,0,7,10,7,9,11,9,5,2,5,6,4,5,5,4,2,3,6,2,1,2,2,4,3,2,2,3,1,5,1,2,0,2,0,2,2,1,1,21
Michael Fanning,,,,,,,,0,6,2,3,7,3,4,7,4,8,3,9,1,6,4,3,9,4,2,1,2,3,2,2,1,2,1,2,4,1,3,2,4,1,2,0,2,21
Lyris Younge,,,,,,,,,0,7,7,5,9,3,1,2,7,1,3,7,2,3,2,5,3,0,0,3,2,0,2,2,1,1,2,0,1,3,2,2,0,1,1,0,21
Leon Goodman,,,,,,,,,,0,8,4,9,9,3,6,0,2,1,10,1,2,4,1,2,3,3,2,2,3,1,2,2,1,1,2,1,0,0,0,1,0,0,1,21
Rainy Papademetriou,,,,,,,,,,,1,4,6,4,2,6,2,2,0,6,2,4,4,2,4,1,1,4,2,2,2,2,2,1,2,1,0,2,1,3,1,1,1,1,21
Abbe Fletman,,,,,,,,,,,,0,5,3,2,2,6,5,8,2,4,4,2,6,2,2,2,3,1,3,1,0,0,3,2,1,3,1,2,1,1,0,0,0,21
Jon Marshall,,,,,,,,,,,,,0,5,2,3,2,1,3,8,1,0,3,3,0,0,1,0,0,0,0,1,3,0,0,0,0,0,0,1,0,0,0,0,21
Vincent Furlong,,,,,,,,,,,,,,1,5,3,0,3,1,4,2,3,1,2,2,3,2,1,3,3,0,1,2,1,2,2,1,0,1,0,1,1,0,2,21
Chris Mccabe,,,,,,,,,,,,,,,1,3,2,5,4,1,3,2,3,4,1,4,4,1,3,3,2,2,3,1,2,3,0,2,1,2,1,1,0,2,21
James F Berardinelli,,,,,,,,,,,,,,,,1,1,1,0,2,2,2,5,1,2,1,0,0,1,2,0,1,1,0,1,0,1,0,0,1,1,1,1,1,21
Mia Roberts Perez,,,,,,,,,,,,,,,,,0,4,7,1,3,4,1,6,2,0,0,4,2,0,3,2,1,4,1,0,2,5,1,2,0,1,0,0,21
Stella Tsai,,,,,,,,,,,,,,,,,,0,3,2,3,5,2,1,2,3,4,5,2,4,4,3,1,5,2,2,3,3,2,0,0,1,0,0,21
Chris Mallios,,,,,,,,,,,,,,,,,,,0,2,5,2,3,6,1,1,1,1,3,1,2,0,1,4,0,3,1,3,1,2,0,0,0,1,21
Edward William Louden Jr,,,,,,,,,,,,,,,,,,,,1,0,0,3,0,1,1,1,1,2,0,2,1,1,2,0,2,0,1,0,0,0,0,0,0,21
Stephanie M Sawyer,,,,,,,,,,,,,,,,,,,,,0,5,3,2,1,2,1,2,3,3,3,1,2,2,2,3,1,2,1,2,0,1,1,2,21
Betsy Wahl,,,,,,,,,,,,,,,,,,,,,,0,1,2,3,2,1,5,1,3,1,1,0,3,1,1,2,3,1,2,0,2,2,0,21
Brian T Ortelere,,,,,,,,,,,,,,,,,,,,,,,0,0,2,1,1,0,2,1,2,0,1,1,0,1,0,2,1,1,1,0,1,1,21
Vincent N Melchiorre,,,,,,,,,,,,,,,,,,,,,,,,0,4,1,2,3,0,0,0,0,1,0,2,2,1,2,2,3,1,0,0,1,21
Anthony Kyriakakis,,,,,,,,,,,,,,,,,,,,,,,,,0,3,2,4,2,0,1,1,0,0,2,2,1,2,3,3,0,1,1,0,21
William J Ciancaglini,,,,,,,,,,,,,,,,,,,,,,,,,,1,3,2,1,2,1,2,0,0,1,2,1,0,1,1,0,1,0,0,21
Joshua Hill,,,,,,,,,,,,,,,,,,,,,,,,,,,1,3,1,3,2,3,2,0,2,3,1,0,1,1,0,0,0,0,21
Marissa Brumbach,,,,,,,,,,,,,,,,,,,,,,,,,,,,0,0,2,3,3,0,3,1,2,3,4,2,2,0,0,0,0,21
Wayne M D Bennett,,,,,,,,,,,,,,,,,,,,,,,,,,,,,0,3,3,1,1,2,4,2,0,2,1,0,0,1,1,2,21
Lynne M Summers,,,,,,,,,,,,,,,,,,,,,,,,,,,,,,0,3,2,0,1,2,1,1,1,0,0,0,0,0,2,21
Rania Major,,,,,,,,,,,,,,,,,,,,,,,,,,,,,,,0,4,1,3,1,2,1,3,1,0,0,0,0,1,21
Sandjai Weaver,,,,,,,,,,,,,,,,,,,,,,,,,,,,,,,,0,3,1,1,1,2,1,1,1,1,0,0,0,21
Thomas Martin,,,,,,,,,,,,,,,,,,,,,,,,,,,,,,,,,0,0,1,1,1,0,0,2,1,0,0,0,21
Deborah Watson Stokes,,,,,,,,,,,,,,,,,,,,,,,,,,,,,,,,,,0,0,1,2,3,1,0,0,0,0,0,21
Frances Fattah,,,,,,,,,,,,,,,,,,,,,,,,,,,,,,,,,,,0,1,1,0,3,0,1,1,1,2,21
Franklin A Bennett Iii,,,,,,,,,,,,,,,,,,,,,,,,,,,,,,,,,,,,0,1,1,1,1,0,1,0,1,21
Jodi Lobel,,,,,,,,,,,,,,,,,,,,,,,,,,,,,,,,,,,,,0,2,2,0,1,0,0,0,21
Lucretia Clemons,,,,,,,,,,,,,,,,,,,,,,,,,,,,,,,,,,,,,,0,1,2,0,0,0,1,21
Starr Marshall Cash,,,,,,,,,,,,,,,,,,,,,,,,,,,,,,,,,,,,,,,0,1,1,1,1,1,21
Vince Giusini,,,,,,,,,,,,,,,,,,,,,,,,,,,,,,,,,,,,,,,,0,0,0,0,0,21
Leon A King Ii,,,,,,,,,,,,,,,,,,,,,,,,,,,,,,,,,,,,,,,,,0,0,0,1,21
Shanese Johnson,,,,,,,,,,,,,,,,,,,,,,,,,,,,,,,,,,,,,,,,,,0,1,0,21
Sherman Toppin,,,,,,,,,,,,,,,,,,,,,,,,,,,,,,,,,,,,,,,,,,,1,0,21
Tangie M Boston,,,,,,,,,,,,,,,,,,,,,,,,,,,,,,,,,,,,,,,,,,,,0,21
Total,71,30,25,25,24,23,21,20,18,16,16,15,15,15,14,13,13,13,12,12,12,11,11,11,10,9,8,8,8,7,7,7,7,6,6,6,6,6,5,5,3,3,3,3,21
,Register Of Wills - Democrat,Judge Of The Court Of Common Pleas - Democrat,,,,,,,,,,,,,,,,,,,,,,,,,,,,,,,,,,,,,,,,,,,22
,Ronald R Donatucci,Jodi Lobel,Tracy B Roman,Scott Diclaudio,Daine Grey Jr,Ken Powell,Leon Goodman,Michael Fanning,Abbe Fletman,Lyris Younge,Mia Roberts Perez,Jennifer Schultz,Kai Scott,Rainy Papademetriou,Stephanie M Sawyer,Jon Marshall,Wayne M D Bennett,Betsy Wahl,Deborah Watson Stokes,Edward William Louden Jr,Vincent N Melchiorre,Brian T Ortelere,Chris Mallios,James F Berardinelli,Stella Tsai,Lynne M Summers,Anthony Kyriakakis,Sandjai Weaver,Thomas Martin,Vince Giusini,Vincent Furlong,Chris Mccabe,Franklin A Bennett Iii,Joshua Hill,Lucretia Clemons,Rania Major,Shanese Johnson,Frances Fattah,Leon A King Ii,Marissa Brumbach,Sherman Toppin,Tangie M Boston,William J Ciancaglini,Starr Marshall Cash,22
Ronald R Donatucci,7,25,25,19,18,16,19,11,16,13,14,15,13,13,14,10,11,12,11,11,10,10,9,9,9,9,5,7,7,6,8,6,6,6,5,6,4,3,4,5,4,3,2,0,22
Jodi Lobel,,1,10,6,11,5,5,9,11,5,10,9,6,5,9,5,3,9,9,2,9,2,7,3,8,8,4,5,5,2,2,5,2,4,3,4,4,3,1,4,1,2,1,0,22
Tracy B Roman,,,0,15,12,12,13,5,10,12,9,9,8,4,9,11,6,3,5,8,7,5,5,5,2,5,1,4,3,1,5,2,3,2,3,3,1,2,1,1,0,2,2,0,22
Scott Diclaudio,,,,1,11,13,12,3,9,11,3,6,5,7,3,10,3,2,0,8,3,6,5,6,2,0,1,3,1,2,5,2,2,2,1,2,1,0,1,3,2,2,0,0,22
Daine Grey Jr,,,,,1,8,9,4,11,8,7,9,8,6,7,6,6,4,6,4,8,7,6,6,4,5,0,3,1,4,3,1,2,3,3,3,3,2,3,3,2,3,0,0,22
Ken Powell,,,,,,2,8,5,9,10,4,4,7,5,4,10,3,0,1,7,5,3,4,2,1,3,1,2,1,1,1,2,1,3,0,1,0,0,0,1,2,0,0,0,22
Leon Goodman,,,,,,,0,1,6,7,2,6,5,5,5,8,6,2,2,8,2,6,1,6,3,1,1,4,2,2,4,2,2,3,2,3,1,1,2,1,1,2,0,0,22
Michael Fanning,,,,,,,,2,6,5,8,3,4,4,4,3,2,3,3,2,3,1,4,1,3,3,1,0,2,0,2,2,1,2,0,2,0,2,0,1,1,1,1,0,22
Abbe Fletman,,,,,,,,,0,8,6,4,8,3,7,6,3,4,4,3,7,3,7,1,4,4,2,3,1,1,2,2,1,3,1,3,0,1,2,2,2,1,0,0,22
Lyris Younge,,,,,,,,,,1,5,6,6,4,3,8,1,2,1,6,4,4,4,2,2,2,1,2,0,1,2,0,2,0,1,2,2,1,0,0,0,1,0,0,22
Mia Roberts Perez,,,,,,,,,,,0,5,8,3,9,3,3,7,6,1,8,3,5,1,4,6,1,2,3,0,2,2,2,0,4,4,1,2,1,1,1,0,1,0,22
Jennifer Schultz,,,,,,,,,,,,0,2,5,5,4,5,5,3,5,5,6,4,5,2,6,1,4,2,3,3,3,2,3,2,2,3,2,1,1,3,1,1,0,22
Kai Scott,,,,,,,,,,,,,0,4,7,4,3,4,4,1,8,2,6,2,4,2,4,3,2,3,2,2,1,1,2,1,0,0,2,0,0,1,0,0,22
Rainy Papademetriou,,,,,,,,,,,,,,0,2,3,2,3,2,4,1,7,0,5,2,0,5,1,1,3,3,3,1,3,1,1,0,2,1,1,2,0,0,0,22
Stephanie M Sawyer,,,,,,,,,,,,,,,0,2,4,7,8,2,5,2,4,2,7,5,2,4,2,1,2,1,4,2,5,2,1,2,2,3,2,2,0,0,22
Jon Marshall,,,,,,,,,,,,,,,,0,0,0,2,5,4,2,3,3,2,1,1,2,0,0,1,1,0,1,0,0,0,0,0,0,0,1,0,0,22
Wayne M D Bennett,,,,,,,,,,,,,,,,,1,1,3,3,2,4,1,4,1,4,1,3,4,4,3,3,3,4,2,3,1,2,4,0,4,2,2,0,22
Betsy Wahl,,,,,,,,,,,,,,,,,,0,6,0,4,2,3,2,7,4,3,1,4,2,3,2,1,1,3,4,2,1,1,3,1,0,0,0,22
Deborah Watson Stokes,,,,,,,,,,,,,,,,,,,0,0,4,2,1,1,7,5,3,1,1,2,1,1,2,2,3,1,2,3,3,2,0,2,0,0,22
Edward William Louden Jr,,,,,,,,,,,,,,,,,,,,0,0,4,1,2,1,2,0,2,1,0,2,2,1,2,0,2,0,0,0,0,2,0,1,0,22
Vincent N Melchiorre,,,,,,,,,,,,,,,,,,,,,0,1,7,0,2,5,1,2,1,1,1,1,1,2,1,1,1,1,0,0,1,0,0,0,22
Brian T Ortelere,,,,,,,,,,,,,,,,,,,,,,0,2,4,2,0,1,1,2,1,2,1,2,1,1,1,0,1,3,0,3,1,0,0,22
Chris Mallios,,,,,,,,,,,,,,,,,,,,,,,0,1,2,2,1,2,2,0,0,2,2,1,1,1,0,0,1,1,2,1,0,0,22
James F Berardinelli,,,,,,,,,,,,,,,,,,,,,,,,0,2,0,1,2,3,3,3,1,0,1,1,2,1,0,2,1,1,1,1,0,22
Stella Tsai,,,,,,,,,,,,,,,,,,,,,,,,,0,2,3,3,3,2,0,1,1,1,2,2,2,1,2,3,1,2,0,0,22
Lynne M Summers,,,,,,,,,,,,,,,,,,,,,,,,,,0,0,2,1,1,1,3,1,3,1,3,2,1,0,1,1,0,1,0,22
Anthony Kyriakakis,,,,,,,,,,,,,,,,,,,,,,,,,,,1,1,2,3,0,2,1,2,1,0,0,1,2,1,1,0,0,0,22
Sandjai Weaver,,,,,,,,,,,,,,,,,,,,,,,,,,,,0,2,1,0,3,1,2,2,1,1,1,1,1,1,2,1,0,22
Thomas Martin,,,,,,,,,,,,,,,,,,,,,,,,,,,,,0,2,2,2,0,0,1,3,1,0,2,1,2,0,2,0,22
Vince Giusini,,,,,,,,,,,,,,,,,,,,,,,,,,,,,,0,1,0,0,1,0,1,2,1,3,1,2,1,0,0,22
Vincent Furlong,,,,,,,,,,,,,,,,,,,,,,,,,,,,,,,0,1,0,0,1,1,0,0,1,0,1,0,1,0,22
Chris Mccabe,,,,,,,,,,,,,,,,,,,,,,,,,,,,,,,,0,1,3,0,1,0,1,1,0,1,0,1,0,22
Franklin A Bennett Iii,,,,,,,,,,,,,,,,,,,,,,,,,,,,,,,,,0,1,3,0,0,1,1,1,1,2,0,0,22
Joshua Hill,,,,,,,,,,,,,,,,,,,,,,,,,,,,,,,,,,0,0,1,1,2,0,1,2,0,0,0,22
Lucretia Clemons,,,,,,,,,,,,,,,,,,,,,,,,,,,,,,,,,,,0,1,2,2,1,2,0,1,0,0,22
Rania Major,,,,,,,,,,,,,,,,,,,,,,,,,,,,,,,,,,,,0,1,0,0,1,1,0,1,0,22
Shanese Johnson,,,,,,,,,,,,,,,,,,,,,,,,,,,,,,,,,,,,,0,2,0,2,0,0,0,0,22
Frances Fattah,,,,,,,,,,,,,,,,,,,,,,,,,,,,,,,,,,,,,,0,1,1,0,0,0,0,22
Leon A King Ii,,,,,,,,,,,,,,,,,,,,,,,,,,,,,,,,,,,,,,,0,0,2,1,0,0,22
Marissa Brumbach,,,,,,,,,,,,,,,,,,,,,,,,,,,,,,,,,,,,,,,,0,0,1,0,0,22
Sherman Toppin,,,,,,,,,,,,,,,,,,,,,,,,,,,,,,,,,,,,,,,,,0,0,0,0,22
Tangie M Boston,,,,,,,,,,,,,,,,,,,,,,,,,,,,,,,,,,,,,,,,,,0,0,0,22
William J Ciancaglini,,,,,,,,,,,,,,,,,,,,,,,,,,,,,,,,,,,,,,,,,,,1,0,22
Starr Marshall Cash,,,,,,,,,,,,,,,,,,,,,,,,,,,,,,,,,,,,,,,,,,,,0,22
Total,68,30,28,24,23,21,20,19,18,18,18,17,17,16,15,13,13,12,12,12,12,11,11,10,10,9,8,8,8,8,8,7,6,6,6,6,6,5,5,5,5,4,3,0,22
,Register Of Wills - Democrat,Judge Of The Court Of Common Pleas - Democrat,,,,,,,,,,,,,,,,,,,,,,,,,,,,,,,,,,,,,,,,,,,23
,Ronald R Donatucci,Tracy B Roman,Abbe Fletman,Mia Roberts Perez,Kai Scott,Lyris Younge,Ken Powell,Scott Diclaudio,Jon Marshall,Jennifer Schultz,Michael Fanning,Leon Goodman,Daine Grey Jr,Frances Fattah,Rainy Papademetriou,Vincent N Melchiorre,Wayne M D Bennett,James F Berardinelli,Lynne M Summers,Shanese Johnson,Vince Giusini,Vincent Furlong,Chris Mallios,Edward William Louden Jr,Joshua Hill,Stephanie M Sawyer,Anthony Kyriakakis,Deborah Watson Stokes,Brian T Ortelere,Chris Mccabe,Franklin A Bennett Iii,Leon A King Ii,Rania Major,Sherman Toppin,Thomas Martin,William J Ciancaglini,Marissa Brumbach,Tangie M Boston,Jodi Lobel,Lucretia Clemons,Sandjai Weaver,Starr Marshall Cash,Stella Tsai,Betsy Wahl,23
Ronald R Donatucci,1,9,8,8,6,8,7,8,7,8,3,7,4,5,5,5,4,5,6,6,4,6,3,4,3,5,2,4,2,3,3,1,3,2,2,3,2,2,1,1,1,1,0,0,23
Tracy B Roman,,0,8,6,5,8,9,8,8,3,4,4,5,2,4,5,2,2,3,2,2,3,4,2,1,1,1,1,2,1,2,1,0,1,1,1,0,1,1,1,0,0,0,0,23
Abbe Fletman,,,0,6,7,9,6,8,7,2,4,4,5,2,5,4,4,2,2,2,1,4,3,2,2,2,2,0,2,1,1,0,2,1,1,1,1,0,1,0,0,0,1,0,23
Mia Roberts Perez,,,,1,7,6,5,3,5,2,4,3,5,4,1,3,4,1,4,3,2,1,3,2,4,5,1,2,1,0,2,1,3,0,1,1,1,1,0,1,0,0,1,0,23
Kai Scott,,,,,0,8,5,5,7,2,4,1,3,3,4,5,3,1,1,3,2,1,5,2,3,2,2,2,2,1,1,0,2,0,0,1,1,1,0,1,1,0,1,0,23
Lyris Younge,,,,,,0,7,8,9,3,4,4,5,3,4,4,1,1,3,3,1,4,5,3,0,2,0,1,2,1,0,0,2,1,1,0,1,0,1,1,1,0,0,0,23
Ken Powell,,,,,,,0,6,8,3,4,2,4,2,3,4,0,1,2,1,1,2,4,3,1,1,0,0,1,0,0,0,0,0,2,1,0,0,0,1,0,0,0,0,23
Scott Diclaudio,,,,,,,,0,8,3,2,4,3,2,5,4,1,2,1,3,2,4,3,2,0,1,1,1,3,1,1,0,1,1,1,1,0,0,1,0,1,0,0,0,23
Jon Marshall,,,,,,,,,0,2,4,2,4,2,4,4,0,0,1,3,1,2,5,2,0,1,0,1,2,0,0,0,1,0,1,0,0,0,0,1,1,0,0,0,23
Jennifer Schultz,,,,,,,,,,1,1,3,1,1,2,3,0,4,4,1,2,4,1,2,1,1,1,1,0,2,0,0,0,2,1,2,1,1,1,1,0,1,0,0,23
Michael Fanning,,,,,,,,,,,4,0,3,0,1,3,0,0,1,0,0,0,3,0,0,0,0,0,1,0,0,0,0,0,0,0,0,0,0,1,0,0,0,0,23
Leon Goodman,,,,,,,,,,,,0,3,2,2,1,2,1,2,2,1,5,0,3,1,2,0,1,0,1,1,0,2,1,1,0,1,0,1,0,0,0,0,0,23
Daine Grey Jr,,,,,,,,,,,,,0,1,2,2,1,0,1,0,1,2,2,1,0,1,0,0,1,1,0,0,1,0,0,0,1,0,0,0,0,0,0,0,23
Frances Fattah,,,,,,,,,,,,,,0,1,1,3,1,3,3,2,1,2,2,3,4,0,3,1,0,2,2,2,0,1,1,1,1,0,0,1,0,0,0,23
Rainy Papademetriou,,,,,,,,,,,,,,,0,2,2,2,0,2,3,3,1,2,1,0,2,1,3,1,1,0,0,0,1,2,1,1,0,0,1,0,0,0,23
Vincent N Melchiorre,,,,,,,,,,,,,,,,0,1,2,1,0,2,2,4,0,0,0,2,0,1,1,1,0,0,0,0,2,1,1,0,1,0,0,0,0,23
Wayne M D Bennett,,,,,,,,,,,,,,,,,0,1,2,2,2,1,0,1,4,3,3,2,1,0,3,2,2,1,1,1,1,1,0,0,0,0,1,0,23
James F Berardinelli,,,,,,,,,,,,,,,,,,1,3,1,3,2,0,1,1,1,2,1,1,2,1,0,0,2,1,3,1,1,1,0,0,1,0,0,23
Lynne M Summers,,,,,,,,,,,,,,,,,,,0,2,1,2,1,1,2,3,0,2,0,1,1,1,1,2,1,1,1,1,1,1,0,1,0,0,23
Shanese Johnson,,,,,,,,,,,,,,,,,,,,0,1,1,1,2,2,3,0,4,1,0,2,1,2,1,1,0,0,1,0,0,1,1,0,0,23
Vince Giusini,,,,,,,,,,,,,,,,,,,,,0,1,1,1,1,1,3,1,2,1,1,1,0,1,2,3,1,1,0,0,1,0,0,0,23
Vincent Furlong,,,,,,,,,,,,,,,,,,,,,,0,0,2,0,1,1,0,0,2,0,0,1,1,1,1,2,1,1,0,0,0,0,0,23
Chris Mallios,,,,,,,,,,,,,,,,,,,,,,,0,0,0,0,0,1,1,0,0,0,0,0,0,0,0,0,0,1,1,0,0,0,23
Edward William Louden Jr,,,,,,,,,,,,,,,,,,,,,,,,0,2,2,0,1,0,0,1,0,1,0,2,1,0,0,0,0,0,0,0,0,23
Joshua Hill,,,,,,,,,,,,,,,,,,,,,,,,,0,3,1,2,0,0,2,1,1,0,1,1,0,1,0,0,0,0,1,0,23
Stephanie M Sawyer,,,,,,,,,,,,,,,,,,,,,,,,,,0,0,2,0,0,2,1,3,0,1,1,1,1,0,0,0,0,0,0,23
Anthony Kyriakakis,,,,,,,,,,,,,,,,,,,,,,,,,,,0,0,1,1,1,1,0,1,1,2,1,1,0,0,0,0,1,0,23
Deborah Watson Stokes,,,,,,,,,,,,,,,,,,,,,,,,,,,,0,1,0,2,1,1,1,0,0,0,1,0,0,1,1,0,0,23
Brian T Ortelere,,,,,,,,,,,,,,,,,,,,,,,,,,,,,0,0,1,0,0,0,0,1,0,0,0,0,1,0,0,0,23
Chris Mccabe,,,,,,,,,,,,,,,,,,,,,,,,,,,,,,0,0,0,0,1,0,1,1,1,1,0,0,0,0,0,23
Franklin A Bennett Iii,,,,,,,,,,,,,,,,,,,,,,,,,,,,,,,0,1,1,0,0,1,0,1,0,0,0,0,0,0,23
Leon A King Ii,,,,,,,,,,,,,,,,,,,,,,,,,,,,,,,,0,0,1,1,0,0,1,0,0,0,0,0,0,23
Rania Major,,,,,,,,,,,,,,,,,,,,,,,,,,,,,,,,,0,0,0,0,1,0,0,0,0,0,0,0,23
Sherman Toppin,,,,,,,,,,,,,,,,,,,,,,,,,,,,,,,,,,0,1,0,0,0,1,0,0,1,0,0,23
Thomas Martin,,,,,,,,,,,,,,,,,,,,,,,,,,,,,,,,,,,0,1,0,0,0,0,0,0,0,0,23
William J Ciancaglini,,,,,,,,,,,,,,,,,,,,,,,,,,,,,,,,,,,,0,1,1,0,0,0,0,0,0,23
Marissa Brumbach,,,,,,,,,,,,,,,,,,,,,,,,,,,,,,,,,,,,,0,1,0,0,0,0,0,0,23
Tangie M Boston,,,,,,,,,,,,,,,,,,,,,,,,,,,,,,,,,,,,,,0,0,0,0,0,0,0,23
Jodi Lobel,,,,,,,,,,,,,,,,,,,,,,,,,,,,,,,,,,,,,,,0,0,0,0,0,0,23
Lucretia Clemons,,,,,,,,,,,,,,,,,,,,,,,,,,,,,,,,,,,,,,,,0,0,0,0,0,23
Sandjai Weaver,,,,,,,,,,,,,,,,,,,,,,,,,,,,,,,,,,,,,,,,,0,0,0,0,23
Starr Marshall Cash,,,,,,,,,,,,,,,,,,,,,,,,,,,,,,,,,,,,,,,,,,0,0,0,23
Stella Tsai,,,,,,,,,,,,,,,,,,,,,,,,,,,,,,,,,,,,,,,,,,,0,0,23
Betsy Wahl,,,,,,,,,,,,,,,,,,,,,,,,,,,,,,,,,,,,,,,,,,,,0,23
Total,24,14,13,13,12,12,11,11,10,9,9,8,7,7,7,7,7,6,6,6,6,6,5,5,5,5,4,4,3,3,3,3,3,3,3,3,2,2,1,1,1,1,1,0,23
,Register Of Wills - Democrat,Judge Of The Court Of Common Pleas - Democrat,,,,,,,,,,,,,,,,,,,,,,,,,,,,,,,,,,,,,,,,,,,All
,Ronald R Donatucci,Tracy B Roman,Ken Powell,Kai Scott,Scott Diclaudio,Mia Roberts Perez,Abbe Fletman,Daine Grey Jr,Michael Fanning,Lyris Younge,Jennifer Schultz,Jon Marshall,Leon Goodman,Rainy Papademetriou,Brian T Ortelere,Vincent N Melchiorre,Chris Mallios,Lynne M Summers,Stephanie M Sawyer,James F Berardinelli,Vincent Furlong,Jodi Lobel,Edward William Louden Jr,Thomas Martin,Betsy Wahl,Deborah Watson Stokes,Wayne M D Bennett,Anthony Kyriakakis,Leon A King Ii,Frances Fattah,Stella Tsai,Lucretia Clemons,Chris Mccabe,Vince Giusini,Shanese Johnson,Marissa Brumbach,Rania Major,Joshua Hill,Sandjai Weaver,Sherman Toppin,William J Ciancaglini,Franklin A Bennett Iii,Starr Marshall Cash,Tangie M Boston,All
Ronald R Donatucci,127,455,400,362,384,343,320,330,272,332,319,310,294,226,194,195,195,234,216,195,216,182,190,176,167,177,169,149,153,143,146,146,131,128,133,128,131,118,115,112,90,88,68,64,All
Tracy B Roman,,9,274,199,281,201,204,227,149,244,156,248,165,110,87,137,116,122,110,91,100,70,124,74,70,81,70,46,64,67,65,60,34,49,48,53,56,49,59,50,37,31,25,24,All
Ken Powell,,,11,189,268,172,197,220,167,236,123,261,158,90,77,148,144,76,70,80,95,50,121,79,50,59,62,59,64,60,41,41,39,49,43,37,39,42,36,44,27,28,15,12,All
Kai Scott,,,,10,162,256,220,194,202,184,87,155,78,151,124,158,151,74,104,54,61,60,44,78,83,77,70,64,69,56,61,76,65,54,59,46,54,46,51,41,27,23,37,27,All
Scott Diclaudio,,,,,12,155,189,187,141,215,107,233,147,97,98,131,129,62,58,99,86,55,116,59,37,48,68,46,42,36,32,39,38,58,31,28,33,33,43,33,29,34,12,17,All
Mia Roberts Perez,,,,,,5,170,163,192,168,102,124,59,115,87,137,141,94,127,46,49,68,39,57,86,97,49,47,60,60,79,70,41,38,48,55,62,40,35,34,21,20,31,29,All
Abbe Fletman,,,,,,,2,216,141,160,131,171,96,114,108,150,146,68,73,80,70,68,43,61,77,50,51,57,39,31,61,50,61,48,31,45,35,25,32,28,20,22,20,14,All
Daine Grey Jr,,,,,,,,8,138,186,121,179,103,106,93,122,122,85,95,86,82,59,69,49,60,69,62,52,63,54,58,50,36,44,47,36,46,40,50,49,15,21,28,30,All
Michael Fanning,,,,,,,,,45,124,50,106,43,107,91,139,141,52,71,43,47,57,28,51,40,43,37,40,33,32,25,36,51,38,23,35,26,24,20,30,19,28,23,13,All
Lyris Younge,,,,,,,,,,10,94,206,118,75,54,103,107,66,79,50,69,40,103,40,44,55,52,55,56,52,34,51,38,41,42,37,35,25,34,46,18,16,29,22,All
Jennifer Schultz,,,,,,,,,,,10,98,121,92,81,47,55,128,95,113,115,76,77,70,98,78,67,55,55,53,83,49,50,59,53,72,63,46,44,35,33,34,25,24,All
Jon Marshall,,,,,,,,,,,,7,143,80,80,97,94,50,34,61,67,39,96,57,29,30,45,32,54,38,25,24,20,27,34,16,29,29,34,32,20,19,17,14,All
Leon Goodman,,,,,,,,,,,,,9,61,62,38,43,68,54,76,90,48,106,67,36,51,70,36,66,55,30,32,31,34,42,35,46,48,39,47,28,37,13,20,All
Rainy Papademetriou,,,,,,,,,,,,,,5,164,54,35,46,42,88,66,39,45,62,50,32,32,51,33,29,35,45,39,39,19,24,29,34,28,19,17,15,11,13,All
Brian T Ortelere,,,,,,,,,,,,,,,7,43,36,25,24,87,58,19,46,54,26,25,47,35,29,23,22,31,35,36,12,11,22,23,24,25,12,19,5,13,All
Vincent N Melchiorre,,,,,,,,,,,,,,,,4,132,42,54,44,45,38,17,48,41,26,25,44,22,28,21,34,51,47,15,33,8,28,12,15,29,16,9,5,All
Chris Mallios,,,,,,,,,,,,,,,,,2,31,53,37,36,34,16,39,44,39,30,45,23,20,31,30,46,38,14,25,15,19,19,20,14,19,19,10,All
Lynne M Summers,,,,,,,,,,,,,,,,,,2,86,47,65,71,47,55,75,74,45,34,45,62,68,53,36,38,56,60,59,53,41,33,32,27,17,29,All
Stephanie M Sawyer,,,,,,,,,,,,,,,,,,,2,44,52,57,20,49,81,94,57,37,51,60,71,61,34,34,48,55,45,36,33,36,19,24,28,38,All
James F Berardinelli,,,,,,,,,,,,,,,,,,,,10,90,43,52,51,38,34,44,47,37,26,30,29,32,50,15,30,18,31,29,24,31,20,8,11,All
Vincent Furlong,,,,,,,,,,,,,,,,,,,,,4,35,54,52,35,44,51,40,42,36,29,33,32,30,35,28,28,42,21,25,33,18,11,19,All
Jodi Lobel,,,,,,,,,,,,,,,,,,,,,,19,22,31,62,50,27,30,28,23,58,37,34,22,29,42,39,27,31,26,16,17,20,17,All
Edward William Louden Jr,,,,,,,,,,,,,,,,,,,,,,,10,34,19,25,44,22,29,33,14,21,15,26,28,17,20,20,22,16,15,16,7,7,All
Thomas Martin,,,,,,,,,,,,,,,,,,,,,,,,2,38,35,46,29,41,39,28,48,38,47,27,26,26,36,29,29,20,26,12,8,All
Betsy Wahl,,,,,,,,,,,,,,,,,,,,,,,,,3,58,29,46,30,38,66,47,29,35,33,62,41,27,27,22,16,11,14,20,All
Deborah Watson Stokes,,,,,,,,,,,,,,,,,,,,,,,,,,3,36,27,42,58,62,51,28,19,44,43,45,37,37,28,20,24,31,38,All
Wayne M D Bennett,,,,,,,,,,,,,,,,,,,,,,,,,,,2,47,53,44,25,19,27,45,31,24,35,39,31,27,21,34,10,17,All
Anthony Kyriakakis,,,,,,,,,,,,,,,,,,,,,,,,,,,,1,41,22,35,32,41,57,12,32,21,29,31,24,37,17,16,15,All
Leon A King Ii,,,,,,,,,,,,,,,,,,,,,,,,,,,,,2,50,32,35,27,29,34,16,31,34,31,38,21,20,17,15,All
Frances Fattah,,,,,,,,,,,,,,,,,,,,,,,,,,,,,,3,32,32,18,17,47,27,33,37,33,22,10,17,19,17,All
Stella Tsai,,,,,,,,,,,,,,,,,,,,,,,,,,,,,,,1,48,26,22,31,43,50,24,37,14,21,17,17,21,All
Lucretia Clemons,,,,,,,,,,,,,,,,,,,,,,,,,,,,,,,,0,32,17,37,39,42,24,30,19,21,20,17,27,All
Chris Mccabe,,,,,,,,,,,,,,,,,,,,,,,,,,,,,,,,,2,28,10,26,15,26,17,19,30,16,19,7,All
Vince Giusini,,,,,,,,,,,,,,,,,,,,,,,,,,,,,,,,,,0,21,33,15,17,26,20,24,14,5,10,All
Shanese Johnson,,,,,,,,,,,,,,,,,,,,,,,,,,,,,,,,,,,2,27,43,25,30,16,12,19,19,21,All
Marissa Brumbach,,,,,,,,,,,,,,,,,,,,,,,,,,,,,,,,,,,,0,30,31,18,14,11,14,13,14,All
Rania Major,,,,,,,,,,,,,,,,,,,,,,,,,,,,,,,,,,,,,1,19,39,18,12,12,15,16,All
Joshua Hill,,,,,,,,,,,,,,,,,,,,,,,,,,,,,,,,,,,,,,1,19,29,24,21,9,12,All
Sandjai Weaver,,,,,,,,,,,,,,,,,,,,,,,,,,,,,,,,,,,,,,,0,18,11,22,18,16,All
Sherman Toppin,,,,,,,,,,,,,,,,,,,,,,,,,,,,,,,,,,,,,,,,1,10,13,17,9,All
William J Ciancaglini,,,,,,,,,,,,,,,,,,,,,,,,,,,,,,,,,,,,,,,,,2,20,7,3,All
Franklin A Bennett Iii,,,,,,,,,,,,,,,,,,,,,,,,,,,,,,,,,,,,,,,,,,1,8,11,All
Starr Marshall Cash,,,,,,,,,,,,,,,,,,,,,,,,,,,,,,,,,,,,,,,,,,,1,14,All
Tangie M Boston,,,,,,,,,,,,,,,,,,,,,,,,,,,,,,,,,,,,,,,,,,,,0,All
Total,"1,328",547,503,477,472,428,423,420,413,411,379,375,339,309,271,261,257,254,254,252,248,239,220,210,202,202,191,178,177,169,167,164,161,152,142,140,140,132,128,125,100,93,74,72,All
