col_1,col_2,col_3,col_4,col_5,col_6,col_7,col_8,col_9,col_10,col_11,col_12,col_13,col_14,col_15,col_16,col_17,col_18,col_19,col_20,col_21,col_22,col_23,division
,City Commissioners,,,,Council At Large,,,,,,,,,,,,,,,,,,All
,Omar Sabir,Lisa Deeley,Al Schmidt,Write-In,Isaiah Thomas,Derek S Green,Helen Gym,Katherine Gilmore Richardson,Allan Domb,Kendra Brooks,Nicolas O'Rourke,David Oh,Al Taubenberger,Matt Wolfe,Bill Heeney,Dan Tinney,Maj Toure,Joe Cox,Sherrie Cohen,Clarc King,Steve Cherniavsky,Write-In,All
Omar Sabir,11,"3,534",14,0,"3,513","3,410","3,337","3,317","3,292",419,298,127,24,13,14,10,29,30,33,14,9,4,All
Lisa Deeley,,7,15,0,"3,418","3,349","3,287","3,272","3,259",373,266,113,21,10,10,8,23,23,28,13,9,5,All
Al Schmidt,,,1,0,17,10,14,13,15,17,13,54,43,48,44,42,6,4,1,3,3,0,All
Write-In,,,,0,0,0,1,0,0,1,1,0,0,0,0,0,0,0,0,0,0,0,All
Isaiah Thomas,,,,,5,"3,401","3,329","3,316","3,266",302,205,93,15,12,12,8,25,18,23,6,5,2,All
Derek S Green,,,,,,2,"3,258","3,269","3,240",227,145,78,15,8,5,3,17,17,18,8,4,3,All
Helen Gym,,,,,,,2,"3,206","3,222",210,148,80,12,5,5,2,14,17,10,4,4,2,All
Katherine Gilmore Richardson,,,,,,,,7,"3,188",177,112,42,11,6,4,5,9,7,10,5,1,1,All
Allan Domb,,,,,,,,,5,142,80,71,10,3,5,4,11,2,11,3,6,2,All
Kendra Brooks,,,,,,,,,,2,354,56,6,6,3,2,14,17,24,8,6,1,All
Nicolas O'Rourke,,,,,,,,,,,0,36,2,3,3,1,11,11,12,4,2,1,All
David Oh,,,,,,,,,,,,11,52,47,44,45,6,8,6,5,3,0,All
Al Taubenberger,,,,,,,,,,,,,0,46,44,45,4,0,2,0,2,0,All
Matt Wolfe,,,,,,,,,,,,,,2,46,45,5,0,0,0,2,0,All
Bill Heeney,,,,,,,,,,,,,,,0,43,2,2,0,1,0,0,All
Dan Tinney,,,,,,,,,,,,,,,,1,1,1,1,0,0,0,All
Maj Toure,,,,,,,,,,,,,,,,,2,4,4,1,2,0,All
Joe Cox,,,,,,,,,,,,,,,,,,3,6,10,2,0,All
Sherrie Cohen,,,,,,,,,,,,,,,,,,,0,4,4,0,All
Clarc King,,,,,,,,,,,,,,,,,,,,0,1,0,All
Steve Cherniavsky,,,,,,,,,,,,,,,,,,,,,0,0,All
Write-In,,,,,,,,,,,,,,,,,,,,,,1,All
Total,"3,770","3,652",80,1,"3,631","3,488","3,432","3,400","3,382",515,375,213,70,67,60,57,41,39,38,18,12,6,All
,City Commissioners,,,,Council At Large,,,,,,,,,,,,,,,,,,1
,Omar Sabir,Lisa Deeley,Al Schmidt,Write-In,Isaiah Thomas,Helen Gym,Derek S Green,Katherine Gilmore Richardson,Allan Domb,Kendra Brooks,Nicolas O'Rourke,David Oh,Al Taubenberger,Dan Tinney,Maj Toure,Write-In,Bill Heeney,Matt Wolfe,Sherrie Cohen,Joe Cox,Steve Cherniavsky,Clarc King,1
Omar Sabir,3,112,1,0,110,107,106,105,104,14,10,4,2,2,1,2,0,0,1,0,1,0,1
Lisa Deeley,,0,0,0,107,104,102,101,101,12,7,4,1,2,2,3,0,0,0,0,1,0,1
Al Schmidt,,,0,0,0,0,1,0,0,1,1,2,2,2,1,0,2,2,1,1,0,0,1
Write-In,,,,0,0,0,0,0,0,0,0,0,0,0,0,0,0,0,0,0,0,0,1
Isaiah Thomas,,,,,0,107,106,104,101,13,10,2,1,1,2,1,0,0,0,0,0,0,1
Helen Gym,,,,,,0,102,100,102,9,8,3,0,0,1,2,0,0,0,0,1,0,1
Derek S Green,,,,,,,0,102,101,6,5,1,2,1,2,2,0,0,2,1,0,0,1
Katherine Gilmore Richardson,,,,,,,,0,100,7,5,1,1,1,0,1,0,0,0,0,1,0,1
Allan Domb,,,,,,,,,0,3,0,2,1,0,1,2,0,0,1,0,1,0,1
Kendra Brooks,,,,,,,,,,0,15,1,0,0,0,0,0,0,0,0,0,0,1
Nicolas O'Rourke,,,,,,,,,,,0,0,0,0,0,0,0,0,0,0,0,0,1
David Oh,,,,,,,,,,,,0,2,3,0,0,2,2,0,0,1,0,1
Al Taubenberger,,,,,,,,,,,,,0,3,0,0,2,2,1,0,0,0,1
Dan Tinney,,,,,,,,,,,,,,0,0,0,2,2,0,0,0,0,1
Maj Toure,,,,,,,,,,,,,,,1,0,0,0,1,1,0,0,1
Write-In,,,,,,,,,,,,,,,,0,0,0,0,0,0,0,1
Bill Heeney,,,,,,,,,,,,,,,,,0,2,0,0,0,0,1
Matt Wolfe,,,,,,,,,,,,,,,,,,0,0,0,0,0,1
Sherrie Cohen,,,,,,,,,,,,,,,,,,,0,1,0,0,1
Joe Cox,,,,,,,,,,,,,,,,,,,,0,0,0,1
Steve Cherniavsky,,,,,,,,,,,,,,,,,,,,,0,0,1
Clarc King,,,,,,,,,,,,,,,,,,,,,,0,1
Total,121,115,4,0,114,111,109,106,105,20,15,6,4,4,4,3,2,2,2,1,1,0,1
,City Commissioners,,,,Council At Large,,,,,,,,,,,,,,,,,,2
,Lisa Deeley,Omar Sabir,Al Schmidt,Write-In,Isaiah Thomas,Derek S Green,Helen Gym,Katherine Gilmore Richardson,Allan Domb,Kendra Brooks,Nicolas O'Rourke,David Oh,Dan Tinney,Matt Wolfe,Al Taubenberger,Bill Heeney,Joe Cox,Sherrie Cohen,Clarc King,Maj Toure,Steve Cherniavsky,Write-In,2
Lisa Deeley,1,141,0,0,139,135,133,133,130,9,4,2,0,0,0,0,2,2,0,0,0,0,2
Omar Sabir,,0,0,0,139,136,133,133,131,9,4,2,0,0,0,0,2,2,0,0,0,0,2
Al Schmidt,,,0,0,0,0,0,0,0,0,0,2,2,3,2,2,0,0,0,0,0,0,2
Write-In,,,,0,0,0,0,0,0,0,0,0,0,0,0,0,0,0,0,0,0,0,2
Isaiah Thomas,,,,,1,137,133,133,131,7,3,2,0,0,0,0,2,2,0,0,0,0,2
Derek S Green,,,,,,0,133,133,131,5,2,2,0,0,0,0,0,0,0,0,0,0,2
Helen Gym,,,,,,,0,131,128,2,1,1,0,0,0,0,0,0,0,0,0,0,2
Katherine Gilmore Richardson,,,,,,,,1,129,3,1,0,0,0,0,0,0,0,0,0,0,0,2
Allan Domb,,,,,,,,,0,2,0,1,0,0,0,0,0,0,0,0,0,0,2
Kendra Brooks,,,,,,,,,,0,6,1,0,0,0,0,2,2,0,0,0,0,2
Nicolas O'Rourke,,,,,,,,,,,0,0,0,0,0,0,1,1,0,0,0,0,2
David Oh,,,,,,,,,,,,0,2,2,2,2,0,0,0,0,0,0,2
Dan Tinney,,,,,,,,,,,,,1,2,2,2,0,0,0,0,0,0,2
Matt Wolfe,,,,,,,,,,,,,,0,2,2,0,0,0,0,0,0,2
Al Taubenberger,,,,,,,,,,,,,,,0,2,0,0,0,0,0,0,2
Bill Heeney,,,,,,,,,,,,,,,,0,0,0,0,0,0,0,2
Joe Cox,,,,,,,,,,,,,,,,,0,2,0,0,0,0,2
Sherrie Cohen,,,,,,,,,,,,,,,,,,0,0,0,0,0,2
Clarc King,,,,,,,,,,,,,,,,,,,0,0,0,0,2
Maj Toure,,,,,,,,,,,,,,,,,,,,0,0,0,2
Steve Cherniavsky,,,,,,,,,,,,,,,,,,,,,0,0,2
Write-In,,,,,,,,,,,,,,,,,,,,,,0,2
Total,144,143,3,0,143,137,134,134,131,11,6,4,3,3,2,2,2,2,0,0,0,0,2
,City Commissioners,,,,Council At Large,,,,,,,,,,,,,,,,,,3
,Omar Sabir,Lisa Deeley,Al Schmidt,Write-In,Isaiah Thomas,Derek S Green,Katherine Gilmore Richardson,Helen Gym,Allan Domb,Kendra Brooks,Nicolas O'Rourke,David Oh,Bill Heeney,Dan Tinney,Maj Toure,Al Taubenberger,Sherrie Cohen,Matt Wolfe,Clarc King,Joe Cox,Steve Cherniavsky,Write-In,3
Omar Sabir,0,181,0,0,177,170,163,160,158,38,25,9,2,0,5,1,4,0,0,1,0,0,3
Lisa Deeley,,0,1,0,167,166,160,156,155,33,25,5,2,0,4,0,3,0,0,1,0,0,3
Al Schmidt,,,0,0,0,1,2,1,1,2,1,2,2,3,0,2,0,2,1,0,0,0,3
Write-In,,,,0,0,0,0,0,0,0,0,0,0,0,0,0,0,0,0,0,0,0,3
Isaiah Thomas,,,,,1,166,160,155,152,25,16,7,1,0,2,0,4,0,0,0,0,0,3
Derek S Green,,,,,,0,162,154,150,24,14,4,1,0,1,0,4,0,1,0,0,0,3
Katherine Gilmore Richardson,,,,,,,0,150,151,18,9,1,0,0,0,1,2,0,1,0,0,0,3
Helen Gym,,,,,,,,0,152,17,9,5,1,0,3,1,1,0,0,1,0,0,3
Allan Domb,,,,,,,,,1,13,6,2,1,0,0,1,1,0,0,0,0,0,3
Kendra Brooks,,,,,,,,,,0,26,6,0,0,3,1,1,0,1,1,0,0,3
Nicolas O'Rourke,,,,,,,,,,,0,2,0,0,1,0,1,0,0,1,0,0,3
David Oh,,,,,,,,,,,,1,3,4,1,3,2,3,0,0,0,0,3
Bill Heeney,,,,,,,,,,,,,0,3,0,3,0,3,0,0,0,0,3
Dan Tinney,,,,,,,,,,,,,,0,0,3,0,3,0,0,0,0,3
Maj Toure,,,,,,,,,,,,,,,0,0,0,0,0,1,0,0,3
Al Taubenberger,,,,,,,,,,,,,,,,0,0,3,0,0,0,0,3
Sherrie Cohen,,,,,,,,,,,,,,,,,0,0,0,0,0,0,3
Matt Wolfe,,,,,,,,,,,,,,,,,,0,0,0,0,0,3
Clarc King,,,,,,,,,,,,,,,,,,,0,0,0,0,3
Joe Cox,,,,,,,,,,,,,,,,,,,,0,0,0,3
Steve Cherniavsky,,,,,,,,,,,,,,,,,,,,,0,0,3
Write-In,,,,,,,,,,,,,,,,,,,,,,0,3
Total,197,186,5,0,180,172,167,164,163,41,27,14,5,5,5,4,4,3,1,1,0,0,3
,City Commissioners,,,,Council At Large,,,,,,,,,,,,,,,,,,4
,Omar Sabir,Lisa Deeley,Al Schmidt,Write-In,Isaiah Thomas,Helen Gym,Derek S Green,Allan Domb,Katherine Gilmore Richardson,Kendra Brooks,Nicolas O'Rourke,David Oh,Al Taubenberger,Dan Tinney,Joe Cox,Bill Heeney,Maj Toure,Matt Wolfe,Clarc King,Sherrie Cohen,Steve Cherniavsky,Write-In,4
Omar Sabir,1,246,0,0,239,233,232,227,227,21,20,6,1,0,4,0,3,0,0,0,0,0,4
Lisa Deeley,,0,0,0,236,229,230,226,224,19,18,8,2,1,3,0,3,0,0,0,0,0,4
Al Schmidt,,,0,0,0,1,0,1,1,1,0,4,3,3,0,3,0,3,0,0,0,0,4
Write-In,,,,0,0,0,0,0,0,0,0,0,0,0,0,0,0,0,0,0,0,0,4
Isaiah Thomas,,,,,0,230,233,224,227,16,14,3,2,1,1,0,1,0,0,0,0,0,4
Helen Gym,,,,,,0,225,227,220,12,11,3,0,0,2,0,2,0,0,0,0,0,4
Derek S Green,,,,,,,0,221,225,11,9,4,2,1,1,0,0,0,0,0,0,0,4
Allan Domb,,,,,,,,0,219,10,8,2,0,0,1,0,2,0,0,0,0,0,4
Katherine Gilmore Richardson,,,,,,,,,0,7,5,2,1,0,1,0,1,0,0,0,0,0,4
Kendra Brooks,,,,,,,,,,0,22,2,0,0,0,0,2,0,0,0,0,0,4
Nicolas O'Rourke,,,,,,,,,,,0,1,0,0,1,0,3,0,0,0,0,0,4
David Oh,,,,,,,,,,,,2,4,4,2,3,0,3,0,0,0,0,4
Al Taubenberger,,,,,,,,,,,,,0,4,0,3,0,3,0,0,0,0,4
Dan Tinney,,,,,,,,,,,,,,0,0,3,0,3,0,0,0,0,4
Joe Cox,,,,,,,,,,,,,,,0,0,1,0,0,0,0,0,4
Bill Heeney,,,,,,,,,,,,,,,,0,0,3,0,0,0,0,4
Maj Toure,,,,,,,,,,,,,,,,,0,0,0,0,0,0,4
Matt Wolfe,,,,,,,,,,,,,,,,,,0,0,0,0,0,4
Clarc King,,,,,,,,,,,,,,,,,,,0,0,0,0,4
Sherrie Cohen,,,,,,,,,,,,,,,,,,,,0,0,0,4
Steve Cherniavsky,,,,,,,,,,,,,,,,,,,,,0,0,4
Write-In,,,,,,,,,,,,,,,,,,,,,,0,4
Total,255,249,4,0,244,236,235,230,229,25,23,14,5,4,4,3,3,3,0,0,0,0,4
,City Commissioners,,,,Council At Large,,,,,,,,,,,,,,,,,,5
,Omar Sabir,Lisa Deeley,Al Schmidt,Write-In,Isaiah Thomas,Derek S Green,Allan Domb,Helen Gym,Katherine Gilmore Richardson,Kendra Brooks,David Oh,Nicolas O'Rourke,Matt Wolfe,Al Taubenberger,Bill Heeney,Joe Cox,Steve Cherniavsky,Clarc King,Dan Tinney,Maj Toure,Sherrie Cohen,Write-In,5
Omar Sabir,0,131,1,0,125,125,121,120,120,7,5,5,2,2,1,2,2,1,0,1,1,0,5
Lisa Deeley,,0,0,0,123,124,120,120,119,5,4,5,1,1,1,2,0,1,0,0,0,0,5
Al Schmidt,,,0,0,0,0,0,0,0,0,2,0,2,2,1,0,1,0,1,1,0,0,5
Write-In,,,,0,0,0,0,0,0,0,0,0,0,0,0,0,0,0,0,0,0,0,5
Isaiah Thomas,,,,,0,124,121,121,121,4,4,3,0,1,0,0,1,0,0,0,1,0,5
Derek S Green,,,,,,0,121,120,120,2,4,2,0,1,0,1,0,0,0,0,0,0,5
Allan Domb,,,,,,,0,119,117,0,4,1,0,0,0,0,0,0,0,0,0,0,5
Helen Gym,,,,,,,,0,118,1,3,1,0,1,0,0,0,0,0,0,0,0,5
Katherine Gilmore Richardson,,,,,,,,,0,3,0,2,0,1,0,0,0,0,0,0,0,0,5
Kendra Brooks,,,,,,,,,,0,0,5,0,0,0,0,1,0,0,0,1,0,5
David Oh,,,,,,,,,,,0,1,2,2,1,0,1,0,1,1,0,0,5
Nicolas O'Rourke,,,,,,,,,,,,0,0,0,0,0,0,0,0,0,0,0,5
Matt Wolfe,,,,,,,,,,,,,1,2,1,0,1,0,1,1,0,0,5
Al Taubenberger,,,,,,,,,,,,,,0,1,0,1,0,1,1,0,0,5
Bill Heeney,,,,,,,,,,,,,,,0,0,0,0,1,0,0,0,5
Joe Cox,,,,,,,,,,,,,,,,0,0,1,0,0,0,0,5
Steve Cherniavsky,,,,,,,,,,,,,,,,,0,0,0,1,1,0,5
Clarc King,,,,,,,,,,,,,,,,,,0,0,0,0,0,5
Dan Tinney,,,,,,,,,,,,,,,,,,,0,0,0,0,5
Maj Toure,,,,,,,,,,,,,,,,,,,,0,0,0,5
Sherrie Cohen,,,,,,,,,,,,,,,,,,,,,0,0,5
Write-In,,,,,,,,,,,,,,,,,,,,,,0,5
Total,135,131,2,0,126,125,121,121,121,8,6,6,4,3,2,2,2,1,1,1,1,0,5
,City Commissioners,,,,Council At Large,,,,,,,,,,,,,,,,,,6
,Omar Sabir,Lisa Deeley,Al Schmidt,Write-In,Isaiah Thomas,Derek S Green,Katherine Gilmore Richardson,Helen Gym,Allan Domb,Kendra Brooks,Nicolas O'Rourke,Matt Wolfe,David Oh,Bill Heeney,Dan Tinney,Joe Cox,Al Taubenberger,Clarc King,Maj Toure,Sherrie Cohen,Steve Cherniavsky,Write-In,6
Omar Sabir,1,147,0,0,145,142,145,140,136,17,8,3,2,1,1,2,0,1,0,0,0,0,6
Lisa Deeley,,0,1,0,140,139,137,138,135,15,8,3,3,0,1,1,0,0,0,0,0,0,6
Al Schmidt,,,0,0,0,0,0,1,1,0,0,3,2,1,1,0,1,0,0,0,0,0,6
Write-In,,,,0,0,0,0,0,0,0,0,0,0,0,0,0,0,0,0,0,0,0,6
Isaiah Thomas,,,,,0,142,139,137,132,12,7,3,1,1,0,2,0,1,0,0,0,0,6
Derek S Green,,,,,,0,136,135,135,12,7,2,2,1,0,2,0,1,0,0,0,0,6
Katherine Gilmore Richardson,,,,,,,0,135,129,10,5,2,1,1,1,1,0,1,0,0,0,0,6
Helen Gym,,,,,,,,0,132,9,2,3,3,0,1,1,0,0,0,0,0,0,6
Allan Domb,,,,,,,,,1,6,3,1,3,0,1,1,0,0,0,0,0,0,6
Kendra Brooks,,,,,,,,,,0,9,2,1,0,0,0,0,0,0,0,0,0,6
Nicolas O'Rourke,,,,,,,,,,,0,0,2,0,0,0,0,0,0,0,0,0,6
Matt Wolfe,,,,,,,,,,,,0,2,2,1,0,1,0,0,0,0,0,6
David Oh,,,,,,,,,,,,,0,1,2,0,1,0,0,0,0,0,6
Bill Heeney,,,,,,,,,,,,,,0,1,0,1,0,0,0,0,0,6
Dan Tinney,,,,,,,,,,,,,,,0,0,1,0,0,0,0,0,6
Joe Cox,,,,,,,,,,,,,,,,0,0,1,0,0,0,0,6
Al Taubenberger,,,,,,,,,,,,,,,,,0,0,0,0,0,0,6
Clarc King,,,,,,,,,,,,,,,,,,0,0,0,0,0,6
Maj Toure,,,,,,,,,,,,,,,,,,,0,0,0,0,6
Sherrie Cohen,,,,,,,,,,,,,,,,,,,,0,0,0,6
Steve Cherniavsky,,,,,,,,,,,,,,,,,,,,,0,0,6
Write-In,,,,,,,,,,,,,,,,,,,,,,0,6
Total,160,149,3,0,148,146,146,142,140,20,11,6,5,2,2,2,1,1,0,0,0,0,6
,City Commissioners,,,,Council At Large,,,,,,,,,,,,,,,,,,7
,Omar Sabir,Lisa Deeley,Al Schmidt,Write-In,Isaiah Thomas,Derek S Green,Helen Gym,Katherine Gilmore Richardson,Allan Domb,Kendra Brooks,Matt Wolfe,David Oh,Nicolas O'Rourke,Al Taubenberger,Bill Heeney,Dan Tinney,Maj Toure,Joe Cox,Sherrie Cohen,Steve Cherniavsky,Clarc King,Write-In,7
Omar Sabir,0,136,1,0,139,138,136,136,133,7,4,3,5,2,1,2,2,1,1,1,0,0,7
Lisa Deeley,,0,0,0,133,135,134,130,132,4,1,1,3,1,0,0,1,0,0,1,0,0,7
Al Schmidt,,,0,0,1,1,0,1,1,0,5,4,0,5,5,4,2,0,0,0,0,0,7
Write-In,,,,0,0,0,0,0,0,0,0,0,0,0,0,0,0,0,0,0,0,0,7
Isaiah Thomas,,,,,1,135,135,136,132,4,1,0,2,1,0,1,1,1,0,0,0,0,7
Derek S Green,,,,,,0,137,133,134,5,2,2,5,1,0,0,2,0,1,1,0,0,7
Helen Gym,,,,,,,0,132,132,6,0,1,4,1,0,0,0,1,1,0,0,0,7
Katherine Gilmore Richardson,,,,,,,,1,130,2,2,1,2,1,0,1,1,1,0,0,0,0,7
Allan Domb,,,,,,,,,0,2,1,1,0,0,0,0,2,0,0,1,0,0,7
Kendra Brooks,,,,,,,,,,0,0,1,6,0,0,0,0,1,1,0,0,0,7
Matt Wolfe,,,,,,,,,,,0,6,1,6,6,6,2,0,0,1,0,0,7
David Oh,,,,,,,,,,,,1,1,5,5,5,0,0,0,0,0,0,7
Nicolas O'Rourke,,,,,,,,,,,,,0,0,0,0,0,0,1,0,0,0,7
Al Taubenberger,,,,,,,,,,,,,,0,6,5,1,0,0,0,0,0,7
Bill Heeney,,,,,,,,,,,,,,,0,5,1,0,0,0,0,0,7
Dan Tinney,,,,,,,,,,,,,,,,0,0,0,0,0,0,0,7
Maj Toure,,,,,,,,,,,,,,,,,0,0,0,1,0,0,7
Joe Cox,,,,,,,,,,,,,,,,,,0,0,0,0,0,7
Sherrie Cohen,,,,,,,,,,,,,,,,,,,0,0,0,0,7
Steve Cherniavsky,,,,,,,,,,,,,,,,,,,,0,0,0,7
Clarc King,,,,,,,,,,,,,,,,,,,,,0,0,7
Write-In,,,,,,,,,,,,,,,,,,,,,,0,7
Total,146,137,6,0,141,140,138,138,134,10,9,8,8,7,6,6,3,1,1,1,0,0,7
,City Commissioners,,,,Council At Large,,,,,,,,,,,,,,,,,,8
,Omar Sabir,Lisa Deeley,Al Schmidt,Write-In,Derek S Green,Isaiah Thomas,Katherine Gilmore Richardson,Allan Domb,Helen Gym,Kendra Brooks,Nicolas O'Rourke,David Oh,Maj Toure,Joe Cox,Clarc King,Matt Wolfe,Al Taubenberger,Bill Heeney,Dan Tinney,Sherrie Cohen,Steve Cherniavsky,Write-In,8
Omar Sabir,0,165,2,0,171,171,166,164,164,18,13,4,3,2,1,1,0,0,0,0,0,0,8
Lisa Deeley,,1,1,0,163,159,160,156,155,11,9,3,1,1,1,0,0,0,0,0,0,0,8
Al Schmidt,,,0,0,0,3,2,0,1,2,1,1,1,0,0,1,0,0,0,0,0,0,8
Write-In,,,,0,0,0,0,0,0,0,0,0,0,0,0,0,0,0,0,0,0,0,8
Derek S Green,,,,,0,167,163,162,163,12,8,2,2,1,1,0,0,0,0,0,0,0,8
Isaiah Thomas,,,,,,0,163,159,159,12,7,3,3,1,0,1,0,0,0,0,0,0,8
Katherine Gilmore Richardson,,,,,,,0,157,156,9,6,2,2,0,0,1,0,0,0,0,0,0,8
Allan Domb,,,,,,,,0,159,4,2,1,1,0,0,0,0,0,0,0,0,0,8
Helen Gym,,,,,,,,,0,7,5,0,1,0,1,1,0,0,0,0,0,0,8
Kendra Brooks,,,,,,,,,,0,14,2,2,1,1,1,0,0,0,0,0,0,8
Nicolas O'Rourke,,,,,,,,,,,0,1,1,0,1,0,0,0,0,0,0,0,8
David Oh,,,,,,,,,,,,0,0,1,0,0,0,0,0,0,0,0,8
Maj Toure,,,,,,,,,,,,,0,0,0,0,0,0,0,0,0,0,8
Joe Cox,,,,,,,,,,,,,,0,0,0,0,0,0,0,0,0,8
Clarc King,,,,,,,,,,,,,,,0,0,0,0,0,0,0,0,8
Matt Wolfe,,,,,,,,,,,,,,,,0,0,0,0,0,0,0,8
Al Taubenberger,,,,,,,,,,,,,,,,,0,0,0,0,0,0,8
Bill Heeney,,,,,,,,,,,,,,,,,,0,0,0,0,0,8
Dan Tinney,,,,,,,,,,,,,,,,,,,0,0,0,0,8
Sherrie Cohen,,,,,,,,,,,,,,,,,,,,0,0,0,8
Steve Cherniavsky,,,,,,,,,,,,,,,,,,,,,0,0,8
Write-In,,,,,,,,,,,,,,,,,,,,,,0,8
Total,184,170,3,0,173,173,168,166,164,19,14,5,3,2,1,1,0,0,0,0,0,0,8
,City Commissioners,,,,Council At Large,,,,,,,,,,,,,,,,,,9
,Omar Sabir,Lisa Deeley,Al Schmidt,Write-In,Isaiah Thomas,Derek S Green,Helen Gym,Katherine Gilmore Richardson,Allan Domb,Kendra Brooks,Nicolas O'Rourke,David Oh,Al Taubenberger,Sherrie Cohen,Joe Cox,Bill Heeney,Clarc King,Maj Toure,Matt Wolfe,Write-In,Dan Tinney,Steve Cherniavsky,9
Omar Sabir,1,194,1,0,197,190,185,181,177,29,22,9,3,3,3,1,1,1,0,1,0,0,9
Lisa Deeley,,1,1,0,193,186,177,178,172,26,19,9,4,4,1,2,0,1,1,1,0,0,9
Al Schmidt,,,0,0,2,1,1,0,1,0,0,2,1,0,0,1,0,0,1,0,0,0,9
Write-In,,,,0,0,0,0,0,0,0,0,0,0,0,0,0,0,0,0,0,0,0,9
Isaiah Thomas,,,,,0,191,183,183,177,22,15,7,3,5,2,2,1,1,1,1,0,0,9
Derek S Green,,,,,,0,179,178,176,16,13,5,2,2,1,0,0,0,0,1,0,0,9
Helen Gym,,,,,,,0,175,173,13,12,10,3,1,2,1,0,1,0,0,0,0,9
Katherine Gilmore Richardson,,,,,,,,0,171,13,9,4,2,3,0,0,0,0,0,0,0,0,9
Allan Domb,,,,,,,,,0,6,2,6,0,3,0,0,0,0,0,0,0,0,9
Kendra Brooks,,,,,,,,,,0,24,7,1,2,2,0,1,0,0,1,0,0,9
Nicolas O'Rourke,,,,,,,,,,,0,4,0,0,2,0,1,0,0,1,0,0,9
David Oh,,,,,,,,,,,,1,4,1,0,1,0,0,1,0,0,0,9
Al Taubenberger,,,,,,,,,,,,,0,0,0,1,0,0,1,0,0,0,9
Sherrie Cohen,,,,,,,,,,,,,,0,0,0,0,0,0,0,0,0,9
Joe Cox,,,,,,,,,,,,,,,1,1,1,1,0,0,0,0,9
Bill Heeney,,,,,,,,,,,,,,,,0,0,1,1,0,0,0,9
Clarc King,,,,,,,,,,,,,,,,,0,0,0,0,0,0,9
Maj Toure,,,,,,,,,,,,,,,,,,0,0,0,0,0,9
Matt Wolfe,,,,,,,,,,,,,,,,,,,0,0,0,0,9
Write-In,,,,,,,,,,,,,,,,,,,,0,0,0,9
Dan Tinney,,,,,,,,,,,,,,,,,,,,,0,0,9
Steve Cherniavsky,,,,,,,,,,,,,,,,,,,,,,0,9
Total,210,206,2,0,207,195,191,187,184,34,25,16,5,5,4,2,1,1,1,1,0,0,9
,City Commissioners,,,,Council At Large,,,,,,,,,,,,,,,,,,10
,Omar Sabir,Lisa Deeley,Al Schmidt,Write-In,Isaiah Thomas,Allan Domb,Helen Gym,Derek S Green,Katherine Gilmore Richardson,Kendra Brooks,Nicolas O'Rourke,Al Taubenberger,Clarc King,Dan Tinney,Bill Heeney,David Oh,Joe Cox,Maj Toure,Matt Wolfe,Sherrie Cohen,Steve Cherniavsky,Write-In,10
Omar Sabir,0,154,0,0,152,149,150,149,147,9,6,1,1,0,0,0,0,0,0,0,0,0,10
Lisa Deeley,,0,0,0,152,149,150,149,148,6,4,1,1,1,0,0,0,0,0,0,0,0,10
Al Schmidt,,,0,0,0,0,0,0,0,0,0,0,0,0,0,0,0,0,0,0,0,0,10
Write-In,,,,0,0,0,0,0,0,0,0,0,0,0,0,0,0,0,0,0,0,0,10
Isaiah Thomas,,,,,0,150,148,149,148,6,3,1,0,1,0,0,0,0,0,0,0,0,10
Allan Domb,,,,,,0,147,148,147,4,1,1,0,0,0,0,0,0,0,0,0,0,10
Helen Gym,,,,,,,0,147,146,4,4,0,0,0,0,0,0,0,0,0,0,0,10
Derek S Green,,,,,,,,0,147,3,1,1,0,0,0,0,0,0,0,0,0,0,10
Katherine Gilmore Richardson,,,,,,,,,0,1,0,0,0,1,0,0,0,0,0,0,0,0,10
Kendra Brooks,,,,,,,,,,0,6,1,0,0,0,0,0,0,0,0,0,0,10
Nicolas O'Rourke,,,,,,,,,,,0,0,0,0,0,0,0,0,0,0,0,0,10
Al Taubenberger,,,,,,,,,,,,0,0,0,0,0,0,0,0,0,0,0,10
Clarc King,,,,,,,,,,,,,0,0,0,0,0,0,0,0,0,0,10
Dan Tinney,,,,,,,,,,,,,,0,0,0,0,0,0,0,0,0,10
Bill Heeney,,,,,,,,,,,,,,,0,0,0,0,0,0,0,0,10
David Oh,,,,,,,,,,,,,,,,0,0,0,0,0,0,0,10
Joe Cox,,,,,,,,,,,,,,,,,0,0,0,0,0,0,10
Maj Toure,,,,,,,,,,,,,,,,,,0,0,0,0,0,10
Matt Wolfe,,,,,,,,,,,,,,,,,,,0,0,0,0,10
Sherrie Cohen,,,,,,,,,,,,,,,,,,,,0,0,0,10
Steve Cherniavsky,,,,,,,,,,,,,,,,,,,,,0,0,10
Write-In,,,,,,,,,,,,,,,,,,,,,,0,10
Total,157,155,0,0,154,150,150,149,148,10,6,1,1,1,0,0,0,0,0,0,0,0,10
,City Commissioners,,,,Council At Large,,,,,,,,,,,,,,,,,,11
,Omar Sabir,Lisa Deeley,Al Schmidt,Write-In,Isaiah Thomas,Helen Gym,Derek S Green,Katherine Gilmore Richardson,Allan Domb,Kendra Brooks,Nicolas O'Rourke,David Oh,Al Taubenberger,Bill Heeney,Dan Tinney,Matt Wolfe,Sherrie Cohen,Joe Cox,Maj Toure,Steve Cherniavsky,Clarc King,Write-In,11
Omar Sabir,1,207,2,0,215,206,201,195,191,37,20,16,4,3,2,2,6,2,1,1,0,0,11
Lisa Deeley,,0,0,0,200,198,194,190,185,30,17,6,1,0,0,0,5,2,0,2,0,0,11
Al Schmidt,,,0,0,1,2,0,1,2,2,0,7,5,5,5,5,0,0,0,0,0,0,11
Write-In,,,,0,0,1,0,0,0,1,1,0,0,0,0,0,0,0,0,0,0,0,11
Isaiah Thomas,,,,,0,202,197,192,185,27,14,9,0,2,1,1,3,1,1,1,0,0,11
Helen Gym,,,,,,0,193,190,189,25,16,11,3,1,0,1,2,1,1,0,0,0,11
Derek S Green,,,,,,,1,186,184,20,8,7,1,0,1,1,2,2,0,2,0,0,11
Katherine Gilmore Richardson,,,,,,,,0,181,15,8,5,2,0,0,0,1,1,0,0,0,0,11
Allan Domb,,,,,,,,,2,13,6,10,3,1,1,0,0,0,1,1,0,0,11
Kendra Brooks,,,,,,,,,,1,20,6,0,1,0,0,6,2,1,2,0,0,11
Nicolas O'Rourke,,,,,,,,,,,0,1,0,2,0,0,2,1,2,0,0,0,11
David Oh,,,,,,,,,,,,0,8,7,6,7,1,0,0,0,0,0,11
Al Taubenberger,,,,,,,,,,,,,0,6,6,6,0,0,0,0,0,0,11
Bill Heeney,,,,,,,,,,,,,,0,6,6,0,0,0,0,0,0,11
Dan Tinney,,,,,,,,,,,,,,,0,6,0,0,0,0,0,0,11
Matt Wolfe,,,,,,,,,,,,,,,,0,0,0,0,0,0,0,11
Sherrie Cohen,,,,,,,,,,,,,,,,,0,0,0,1,0,0,11
Joe Cox,,,,,,,,,,,,,,,,,,0,0,0,0,0,11
Maj Toure,,,,,,,,,,,,,,,,,,,0,0,0,0,11
Steve Cherniavsky,,,,,,,,,,,,,,,,,,,,0,0,0,11
Clarc King,,,,,,,,,,,,,,,,,,,,,0,0,11
Write-In,,,,,,,,,,,,,,,,,,,,,,0,11
Total,231,211,7,1,221,214,206,200,198,41,23,21,9,8,7,7,6,2,2,2,0,0,11
,City Commissioners,,,,Council At Large,,,,,,,,,,,,,,,,,,12
,Omar Sabir,Lisa Deeley,Al Schmidt,Write-In,Isaiah Thomas,Derek S Green,Allan Domb,Helen Gym,Katherine Gilmore Richardson,Kendra Brooks,Nicolas O'Rourke,David Oh,Maj Toure,Joe Cox,Steve Cherniavsky,Al Taubenberger,Bill Heeney,Clarc King,Dan Tinney,Matt Wolfe,Sherrie Cohen,Write-In,12
Omar Sabir,0,158,2,0,156,154,149,149,146,24,18,4,3,1,1,0,0,0,0,0,0,0,12
Lisa Deeley,,0,1,0,148,148,149,145,145,19,16,3,2,0,1,0,0,0,0,0,0,0,12
Al Schmidt,,,0,0,2,3,1,2,2,2,2,1,0,0,0,0,0,0,0,0,0,0,12
Write-In,,,,0,0,0,0,0,0,0,0,0,0,0,0,0,0,0,0,0,0,0,12
Isaiah Thomas,,,,,1,150,146,146,144,13,8,3,3,1,1,0,0,0,0,0,0,0,12
Derek S Green,,,,,,1,146,145,143,13,9,3,2,1,1,0,0,0,0,0,0,0,12
Allan Domb,,,,,,,0,143,143,9,8,1,1,0,1,0,0,0,0,0,0,0,12
Helen Gym,,,,,,,,1,140,8,5,4,3,1,1,0,0,0,0,0,0,0,12
Katherine Gilmore Richardson,,,,,,,,,1,7,6,1,1,0,0,0,0,0,0,0,0,0,12
Kendra Brooks,,,,,,,,,,0,22,4,1,1,0,0,0,0,0,0,0,0,12
Nicolas O'Rourke,,,,,,,,,,,0,2,0,0,0,0,0,0,0,0,0,0,12
David Oh,,,,,,,,,,,,0,1,0,0,0,0,0,0,0,0,0,12
Maj Toure,,,,,,,,,,,,,0,0,0,0,0,0,0,0,0,0,12
Joe Cox,,,,,,,,,,,,,,0,0,0,0,0,0,0,0,0,12
Steve Cherniavsky,,,,,,,,,,,,,,,0,0,0,0,0,0,0,0,12
Al Taubenberger,,,,,,,,,,,,,,,,0,0,0,0,0,0,0,12
Bill Heeney,,,,,,,,,,,,,,,,,0,0,0,0,0,0,12
Clarc King,,,,,,,,,,,,,,,,,,0,0,0,0,0,12
Dan Tinney,,,,,,,,,,,,,,,,,,,0,0,0,0,12
Matt Wolfe,,,,,,,,,,,,,,,,,,,,0,0,0,12
Sherrie Cohen,,,,,,,,,,,,,,,,,,,,,0,0,12
Write-In,,,,,,,,,,,,,,,,,,,,,,0,12
Total,168,161,3,0,158,157,152,152,149,28,22,5,3,1,1,0,0,0,0,0,0,0,12
,City Commissioners,,,,Council At Large,,,,,,,,,,,,,,,,,,13
,Lisa Deeley,Omar Sabir,Al Schmidt,Write-In,Derek S Green,Isaiah Thomas,Allan Domb,Katherine Gilmore Richardson,Helen Gym,Kendra Brooks,Nicolas O'Rourke,David Oh,Sherrie Cohen,Clarc King,Al Taubenberger,Bill Heeney,Joe Cox,Maj Toure,Dan Tinney,Matt Wolfe,Steve Cherniavsky,Write-In,13
Lisa Deeley,0,117,3,0,107,107,106,104,106,19,12,6,3,2,1,1,1,1,0,0,0,0,13
Omar Sabir,,0,0,0,106,108,101,103,104,16,11,5,3,2,0,0,0,1,0,0,0,0,13
Al Schmidt,,,0,0,0,2,1,1,1,2,1,1,0,1,1,1,1,0,0,0,0,0,13
Write-In,,,,0,0,0,0,0,0,0,0,0,0,0,0,0,0,0,0,0,0,0,13
Derek S Green,,,,,0,104,101,102,101,8,5,4,2,2,0,0,0,1,0,0,0,0,13
Isaiah Thomas,,,,,,0,102,104,102,7,4,4,2,2,1,1,1,0,0,0,0,0,13
Allan Domb,,,,,,,0,103,101,5,2,1,1,0,1,1,0,0,0,0,0,0,13
Katherine Gilmore Richardson,,,,,,,,2,101,4,1,2,0,0,1,1,0,0,0,0,0,0,13
Helen Gym,,,,,,,,,0,6,5,3,1,0,0,0,0,0,0,0,0,0,13
Kendra Brooks,,,,,,,,,,0,16,4,2,2,0,0,1,1,0,0,0,0,13
Nicolas O'Rourke,,,,,,,,,,,0,2,1,0,0,0,0,0,0,0,0,0,13
David Oh,,,,,,,,,,,,0,1,2,0,0,1,0,0,0,0,0,13
Sherrie Cohen,,,,,,,,,,,,,0,2,0,0,0,1,0,0,0,0,13
Clarc King,,,,,,,,,,,,,,0,0,0,1,1,0,0,0,0,13
Al Taubenberger,,,,,,,,,,,,,,,0,1,0,0,0,0,0,0,13
Bill Heeney,,,,,,,,,,,,,,,,0,0,0,0,0,0,0,13
Joe Cox,,,,,,,,,,,,,,,,,0,0,0,0,0,0,13
Maj Toure,,,,,,,,,,,,,,,,,,0,0,0,0,0,13
Dan Tinney,,,,,,,,,,,,,,,,,,,0,0,0,0,13
Matt Wolfe,,,,,,,,,,,,,,,,,,,,0,0,0,13
Steve Cherniavsky,,,,,,,,,,,,,,,,,,,,,0,0,13
Write-In,,,,,,,,,,,,,,,,,,,,,,0,13
Total,126,121,3,0,111,110,108,108,107,23,16,8,4,3,1,1,1,1,0,0,0,0,13
,City Commissioners,,,,Council At Large,,,,,,,,,,,,,,,,,,14
,Lisa Deeley,Omar Sabir,Al Schmidt,Write-In,Isaiah Thomas,Derek S Green,Allan Domb,Katherine Gilmore Richardson,Helen Gym,Kendra Brooks,Nicolas O'Rourke,David Oh,Sherrie Cohen,Al Taubenberger,Joe Cox,Maj Toure,Matt Wolfe,Bill Heeney,Clarc King,Dan Tinney,Steve Cherniavsky,Write-In,14
Lisa Deeley,0,183,0,0,177,177,175,173,169,21,13,3,5,2,2,2,0,0,1,0,0,0,14
Omar Sabir,,2,0,0,178,178,174,173,168,18,13,3,5,2,2,1,0,0,1,0,0,0,14
Al Schmidt,,,0,0,1,0,1,0,0,0,0,1,0,1,0,0,1,1,0,1,1,0,14
Write-In,,,,0,0,0,0,0,0,0,0,0,0,0,0,0,0,0,0,0,0,0,14
Isaiah Thomas,,,,,0,177,173,173,171,14,8,2,1,0,2,1,0,0,0,0,1,0,14
Derek S Green,,,,,,0,175,175,169,12,6,4,2,1,2,0,0,0,0,0,0,0,14
Allan Domb,,,,,,,0,172,171,11,6,3,4,1,0,1,0,0,0,0,1,0,14
Katherine Gilmore Richardson,,,,,,,,0,167,8,4,1,2,0,0,1,0,0,0,0,0,0,14
Helen Gym,,,,,,,,,0,8,4,3,1,1,2,1,0,0,0,0,0,0,14
Kendra Brooks,,,,,,,,,,0,16,2,5,0,2,1,0,0,1,0,0,0,14
Nicolas O'Rourke,,,,,,,,,,,0,2,2,0,1,0,0,0,1,0,0,0,14
David Oh,,,,,,,,,,,,0,0,2,1,0,2,1,0,1,0,0,14
Sherrie Cohen,,,,,,,,,,,,,0,0,1,1,0,0,1,0,0,0,14
Al Taubenberger,,,,,,,,,,,,,,0,0,0,1,1,0,1,0,0,14
Joe Cox,,,,,,,,,,,,,,,0,0,0,0,1,0,0,0,14
Maj Toure,,,,,,,,,,,,,,,,0,0,0,0,0,0,0,14
Matt Wolfe,,,,,,,,,,,,,,,,,0,1,0,1,0,0,14
Bill Heeney,,,,,,,,,,,,,,,,,,0,0,1,0,0,14
Clarc King,,,,,,,,,,,,,,,,,,,0,0,0,0,14
Dan Tinney,,,,,,,,,,,,,,,,,,,,0,0,0,14
Steve Cherniavsky,,,,,,,,,,,,,,,,,,,,,0,0,14
Write-In,,,,,,,,,,,,,,,,,,,,,,0,14
Total,193,193,2,0,188,184,182,178,176,26,17,7,5,3,3,2,2,1,1,1,1,0,14
,City Commissioners,,,,Council At Large,,,,,,,,,,,,,,,,,,15
,Omar Sabir,Lisa Deeley,Al Schmidt,Write-In,Isaiah Thomas,Derek S Green,Helen Gym,Katherine Gilmore Richardson,Allan Domb,Kendra Brooks,Nicolas O'Rourke,David Oh,Joe Cox,Sherrie Cohen,Bill Heeney,Clarc King,Dan Tinney,Matt Wolfe,Steve Cherniavsky,Al Taubenberger,Maj Toure,Write-In,15
Omar Sabir,0,169,1,0,167,163,155,154,153,27,15,14,4,4,2,2,2,0,1,1,1,1,15
Lisa Deeley,,1,1,0,164,157,152,153,149,26,15,14,4,3,2,2,1,1,2,1,1,1,15
Al Schmidt,,,1,0,0,0,1,0,0,1,2,1,2,0,1,0,1,0,1,0,0,0,15
Write-In,,,,0,0,0,0,0,0,0,0,0,0,0,0,0,0,0,0,0,0,0,15
Isaiah Thomas,,,,,0,161,154,155,153,24,15,10,1,3,2,0,1,1,0,1,1,0,15
Derek S Green,,,,,,0,149,154,151,18,7,7,2,2,2,1,0,1,0,1,1,0,15
Helen Gym,,,,,,,0,146,146,18,11,7,1,2,0,0,0,0,1,0,0,0,15
Katherine Gilmore Richardson,,,,,,,,0,146,16,9,1,2,2,1,1,0,0,0,0,1,0,15
Allan Domb,,,,,,,,,0,12,7,7,0,1,0,0,0,0,0,0,1,0,15
Kendra Brooks,,,,,,,,,,0,22,6,2,2,2,1,1,1,1,1,0,0,15
Nicolas O'Rourke,,,,,,,,,,,0,5,2,1,1,0,1,0,1,1,0,0,15
David Oh,,,,,,,,,,,,0,1,1,1,0,1,0,1,0,0,0,15
Joe Cox,,,,,,,,,,,,,0,2,1,2,1,0,2,0,0,0,15
Sherrie Cohen,,,,,,,,,,,,,,0,0,1,1,0,1,0,0,0,15
Bill Heeney,,,,,,,,,,,,,,,0,0,1,1,0,0,0,0,15
Clarc King,,,,,,,,,,,,,,,,0,0,0,1,0,0,0,15
Dan Tinney,,,,,,,,,,,,,,,,,0,0,0,0,0,0,15
Matt Wolfe,,,,,,,,,,,,,,,,,,1,0,0,0,0,15
Steve Cherniavsky,,,,,,,,,,,,,,,,,,,0,0,0,0,15
Al Taubenberger,,,,,,,,,,,,,,,,,,,,0,0,0,15
Maj Toure,,,,,,,,,,,,,,,,,,,,,0,0,15
Write-In,,,,,,,,,,,,,,,,,,,,,,0,15
Total,184,179,3,0,177,169,163,163,160,36,23,18,5,5,3,2,2,2,2,1,1,1,15
,City Commissioners,,,,Council At Large,,,,,,,,,,,,,,,,,,16
,Omar Sabir,Lisa Deeley,Al Schmidt,Write-In,Isaiah Thomas,Allan Domb,Derek S Green,Katherine Gilmore Richardson,Helen Gym,Kendra Brooks,David Oh,Nicolas O'Rourke,Bill Heeney,Dan Tinney,Matt Wolfe,Al Taubenberger,Clarc King,Joe Cox,Maj Toure,Write-In,Sherrie Cohen,Steve Cherniavsky,16
Omar Sabir,0,195,0,0,196,191,190,190,186,13,9,8,1,1,0,0,1,0,1,0,0,0,16
Lisa Deeley,,0,0,0,194,188,189,186,185,12,9,7,0,1,0,0,0,0,1,0,0,0,16
Al Schmidt,,,0,0,0,0,0,0,0,0,2,0,2,2,2,2,0,0,0,0,0,0,16
Write-In,,,,0,0,0,0,0,0,0,0,0,0,0,0,0,0,0,0,0,0,0,16
Isaiah Thomas,,,,,0,187,189,188,186,9,9,4,0,1,1,0,0,1,1,0,0,0,16
Allan Domb,,,,,,0,184,184,182,7,6,3,1,1,0,0,1,0,1,0,0,0,16
Derek S Green,,,,,,,0,185,182,8,5,5,0,0,0,0,0,0,0,0,0,0,16
Katherine Gilmore Richardson,,,,,,,,0,179,6,7,2,1,0,0,0,1,0,1,0,0,0,16
Helen Gym,,,,,,,,,0,5,7,4,0,1,0,0,0,1,0,0,0,0,16
Kendra Brooks,,,,,,,,,,0,2,10,0,1,1,0,0,0,0,0,0,0,16
David Oh,,,,,,,,,,,1,2,3,2,2,2,1,1,1,0,0,0,16
Nicolas O'Rourke,,,,,,,,,,,,0,0,0,0,0,0,1,0,0,0,0,16
Bill Heeney,,,,,,,,,,,,,0,2,2,2,1,0,0,0,0,0,16
Dan Tinney,,,,,,,,,,,,,,0,2,2,0,0,0,0,0,0,16
Matt Wolfe,,,,,,,,,,,,,,,0,2,0,0,0,0,0,0,16
Al Taubenberger,,,,,,,,,,,,,,,,0,0,0,0,0,0,0,16
Clarc King,,,,,,,,,,,,,,,,,0,0,0,0,0,0,16
Joe Cox,,,,,,,,,,,,,,,,,,0,0,0,0,0,16
Maj Toure,,,,,,,,,,,,,,,,,,,0,0,0,0,16
Write-In,,,,,,,,,,,,,,,,,,,,1,0,0,16
Sherrie Cohen,,,,,,,,,,,,,,,,,,,,,0,0,16
Steve Cherniavsky,,,,,,,,,,,,,,,,,,,,,,0,16
Total,204,200,2,0,201,192,192,190,189,16,14,11,3,3,3,2,1,1,1,1,0,0,16
,Council At Large,,,,,,,,,,,,,,,,,,City Commissioners,,,,17
,Isaiah Thomas,Derek S Green,Helen Gym,Allan Domb,Katherine Gilmore Richardson,Kendra Brooks,Nicolas O'Rourke,David Oh,Bill Heeney,Al Taubenberger,Maj Toure,Clarc King,Dan Tinney,Joe Cox,Matt Wolfe,Sherrie Cohen,Steve Cherniavsky,Write-In,Omar Sabir,Lisa Deeley,Al Schmidt,Write-In,17
Isaiah Thomas,0,195,193,189,190,17,11,5,1,1,1,0,0,0,0,0,0,0,200,199,1,0,17
Derek S Green,,0,186,185,185,11,7,4,1,1,0,0,0,1,0,0,0,0,192,189,0,0,17
Helen Gym,,,0,185,186,13,9,3,1,0,0,0,0,1,0,0,0,0,190,188,0,0,17
Allan Domb,,,,0,185,9,4,4,0,0,0,1,0,0,0,0,0,0,186,190,1,0,17
Katherine Gilmore Richardson,,,,,0,9,5,0,0,0,0,0,0,0,0,0,0,0,185,190,0,0,17
Kendra Brooks,,,,,,0,19,5,0,0,1,1,0,1,0,0,0,0,24,21,1,0,17
Nicolas O'Rourke,,,,,,,0,5,0,0,1,1,0,1,0,0,0,0,18,16,1,0,17
David Oh,,,,,,,,0,1,2,1,1,1,0,1,0,0,0,6,7,2,0,17
Bill Heeney,,,,,,,,,0,1,0,0,1,0,1,0,0,0,1,0,1,0,17
Al Taubenberger,,,,,,,,,,0,0,0,1,0,1,0,0,0,1,1,1,0,17
Maj Toure,,,,,,,,,,,0,0,0,0,0,0,0,0,1,1,0,0,17
Clarc King,,,,,,,,,,,,0,0,0,0,0,0,0,0,1,1,0,17
Dan Tinney,,,,,,,,,,,,,0,0,1,0,0,0,0,0,1,0,17
Joe Cox,,,,,,,,,,,,,,0,0,0,0,0,1,0,0,0,17
Matt Wolfe,,,,,,,,,,,,,,,0,0,0,0,0,0,1,0,17
Sherrie Cohen,,,,,,,,,,,,,,,,0,0,0,0,0,0,0,17
Steve Cherniavsky,,,,,,,,,,,,,,,,,0,0,0,0,0,0,17
Write-In,,,,,,,,,,,,,,,,,,0,0,0,0,0,17
Omar Sabir,,,,,,,,,,,,,,,,,,,0,197,0,0,17
Lisa Deeley,,,,,,,,,,,,,,,,,,,,0,2,0,17
Al Schmidt,,,,,,,,,,,,,,,,,,,,,0,0,17
Write-In,,,,,,,,,,,,,,,,,,,,,,0,17
Total,211,198,198,195,194,27,21,10,3,2,2,1,1,1,1,0,0,0,211,210,3,0,17
,City Commissioners,,,,Council At Large,,,,,,,,,,,,,,,,,,18
,Omar Sabir,Lisa Deeley,Al Schmidt,Write-In,Isaiah Thomas,Allan Domb,Helen Gym,Derek S Green,Katherine Gilmore Richardson,Kendra Brooks,Nicolas O'Rourke,David Oh,Al Taubenberger,Bill Heeney,Matt Wolfe,Dan Tinney,Clarc King,Joe Cox,Maj Toure,Sherrie Cohen,Steve Cherniavsky,Write-In,18
Omar Sabir,0,164,1,0,161,156,155,156,154,14,13,3,1,0,0,0,1,1,0,1,1,0,18
Lisa Deeley,,0,3,0,161,156,155,156,154,15,12,3,2,2,2,1,1,1,0,1,1,0,18
Al Schmidt,,,0,0,2,1,1,1,0,1,2,10,9,10,10,9,0,0,0,0,0,0,18
Write-In,,,,0,0,0,0,0,0,0,0,0,0,0,0,0,0,0,0,0,0,0,18
Isaiah Thomas,,,,,0,158,158,159,155,6,6,3,0,1,1,0,1,1,1,0,0,0,18
Allan Domb,,,,,,1,155,154,153,5,4,2,1,1,1,1,0,0,0,0,0,0,18
Helen Gym,,,,,,,1,153,151,5,5,1,0,1,0,0,1,1,0,0,0,0,18
Derek S Green,,,,,,,,0,153,2,1,3,0,0,1,0,1,1,0,0,0,0,18
Katherine Gilmore Richardson,,,,,,,,,0,5,4,1,0,0,0,0,0,0,0,0,0,0,18
Kendra Brooks,,,,,,,,,,0,15,0,1,0,0,0,0,0,0,1,1,0,18
Nicolas O'Rourke,,,,,,,,,,,0,1,1,0,0,0,0,0,0,1,1,0,18
David Oh,,,,,,,,,,,,0,8,8,9,8,0,0,0,0,0,0,18
Al Taubenberger,,,,,,,,,,,,,0,9,9,9,0,0,0,1,1,0,18
Bill Heeney,,,,,,,,,,,,,,0,9,9,0,0,0,0,0,0,18
Matt Wolfe,,,,,,,,,,,,,,,0,9,0,0,0,0,0,0,18
Dan Tinney,,,,,,,,,,,,,,,,0,0,0,0,0,0,0,18
Clarc King,,,,,,,,,,,,,,,,,0,1,0,0,0,0,18
Joe Cox,,,,,,,,,,,,,,,,,,0,0,0,0,0,18
Maj Toure,,,,,,,,,,,,,,,,,,,0,0,0,0,18
Sherrie Cohen,,,,,,,,,,,,,,,,,,,,0,1,0,18
Steve Cherniavsky,,,,,,,,,,,,,,,,,,,,,0,0,18
Write-In,,,,,,,,,,,,,,,,,,,,,,0,18
Total,172,171,13,0,167,162,160,159,158,19,17,12,10,10,10,9,1,1,1,1,1,0,18
,City Commissioners,,,,Council At Large,,,,,,,,,,,,,,,,,,19
,Omar Sabir,Lisa Deeley,Al Schmidt,Write-In,Isaiah Thomas,Helen Gym,Katherine Gilmore Richardson,Derek S Green,Allan Domb,Kendra Brooks,Nicolas O'Rourke,David Oh,Maj Toure,Al Taubenberger,Matt Wolfe,Bill Heeney,Clarc King,Dan Tinney,Joe Cox,Steve Cherniavsky,Sherrie Cohen,Write-In,19
Omar Sabir,2,195,0,0,195,186,186,186,185,15,13,6,1,1,0,0,1,0,1,1,0,0,19
Lisa Deeley,,1,0,0,191,187,187,186,182,15,12,7,1,1,0,0,2,0,2,1,0,0,19
Al Schmidt,,,0,0,0,0,0,0,0,0,0,2,0,2,2,2,0,2,0,0,0,0,19
Write-In,,,,0,0,0,0,0,0,0,0,0,0,0,0,0,0,0,0,0,0,0,19
Isaiah Thomas,,,,,0,188,188,188,184,10,10,4,3,1,1,0,0,0,0,1,0,0,19
Helen Gym,,,,,,0,184,182,182,10,8,2,1,0,0,0,1,0,1,1,0,0,19
Katherine Gilmore Richardson,,,,,,,1,185,179,5,6,5,0,0,0,0,1,0,1,0,0,0,19
Derek S Green,,,,,,,,0,179,6,7,5,3,1,1,0,0,0,0,0,0,0,19
Allan Domb,,,,,,,,,0,5,5,3,0,0,0,0,0,0,0,1,0,0,19
Kendra Brooks,,,,,,,,,,0,16,1,1,0,0,0,0,0,0,1,0,0,19
Nicolas O'Rourke,,,,,,,,,,,0,1,1,0,1,0,0,0,0,0,0,0,19
David Oh,,,,,,,,,,,,0,1,3,2,2,1,2,1,0,0,0,19
Maj Toure,,,,,,,,,,,,,1,1,1,0,0,0,0,0,0,0,19
Al Taubenberger,,,,,,,,,,,,,,0,2,2,0,2,0,0,0,0,19
Matt Wolfe,,,,,,,,,,,,,,,0,2,0,2,0,0,0,0,19
Bill Heeney,,,,,,,,,,,,,,,,0,0,2,0,0,0,0,19
Clarc King,,,,,,,,,,,,,,,,,0,0,2,0,0,0,19
Dan Tinney,,,,,,,,,,,,,,,,,,0,0,0,0,0,19
Joe Cox,,,,,,,,,,,,,,,,,,,0,0,0,0,19
Steve Cherniavsky,,,,,,,,,,,,,,,,,,,,0,0,0,19
Sherrie Cohen,,,,,,,,,,,,,,,,,,,,,0,0,19
Write-In,,,,,,,,,,,,,,,,,,,,,,0,19
Total,211,207,2,0,202,195,194,193,189,21,18,12,4,3,3,2,2,2,2,1,0,0,19
,Council At Large,,,,,,,,,,,,,,,,,,City Commissioners,,,,20
,Isaiah Thomas,Helen Gym,Derek S Green,Katherine Gilmore Richardson,Allan Domb,Kendra Brooks,Nicolas O'Rourke,David Oh,Al Taubenberger,Dan Tinney,Maj Toure,Matt Wolfe,Bill Heeney,Joe Cox,Sherrie Cohen,Clarc King,Steve Cherniavsky,Write-In,Omar Sabir,Lisa Deeley,Al Schmidt,Write-In,20
Isaiah Thomas,0,133,132,125,122,26,23,10,0,0,1,0,0,1,1,0,0,0,137,132,0,0,20
Helen Gym,,0,120,118,119,19,17,6,0,0,0,0,0,1,1,0,0,0,125,122,1,0,20
Derek S Green,,,0,119,118,13,10,6,0,0,1,0,0,1,0,0,0,0,127,126,0,0,20
Katherine Gilmore Richardson,,,,0,114,11,11,3,1,1,1,1,0,0,0,0,0,0,119,116,2,0,20
Allan Domb,,,,,0,7,6,6,0,0,0,0,0,0,0,0,0,0,121,119,1,0,20
Kendra Brooks,,,,,,0,29,3,0,0,1,0,0,1,1,0,0,0,27,24,1,0,20
Nicolas O'Rourke,,,,,,,0,2,0,0,1,0,0,0,1,0,0,0,22,20,1,0,20
David Oh,,,,,,,,5,1,1,0,1,1,0,0,0,0,0,11,10,2,0,20
Al Taubenberger,,,,,,,,,0,2,1,2,1,0,0,0,0,0,0,0,2,0,20
Dan Tinney,,,,,,,,,,0,1,2,1,0,0,0,0,0,0,0,2,0,20
Maj Toure,,,,,,,,,,,0,1,0,0,0,0,0,0,1,1,1,0,20
Matt Wolfe,,,,,,,,,,,,0,1,0,0,0,0,0,0,0,2,0,20
Bill Heeney,,,,,,,,,,,,,0,0,0,0,0,0,0,0,1,0,20
Joe Cox,,,,,,,,,,,,,,0,0,0,0,0,1,0,0,0,20
Sherrie Cohen,,,,,,,,,,,,,,,0,0,0,0,1,1,0,0,20
Clarc King,,,,,,,,,,,,,,,,0,0,0,0,0,0,0,20
Steve Cherniavsky,,,,,,,,,,,,,,,,,0,0,0,0,0,0,20
Write-In,,,,,,,,,,,,,,,,,,0,0,0,0,0,20
Omar Sabir,,,,,,,,,,,,,,,,,,,0,138,1,0,20
Lisa Deeley,,,,,,,,,,,,,,,,,,,,0,0,0,20
Al Schmidt,,,,,,,,,,,,,,,,,,,,,0,0,20
Write-In,,,,,,,,,,,,,,,,,,,,,,0,20
Total,148,135,133,127,125,34,29,19,2,2,2,2,1,1,1,0,0,0,146,141,4,0,20
,City Commissioners,,,,Council At Large,,,,,,,,,,,,,,,,,,21
,Omar Sabir,Lisa Deeley,Al Schmidt,Write-In,Isaiah Thomas,Derek S Green,Katherine Gilmore Richardson,Allan Domb,Helen Gym,Kendra Brooks,Nicolas O'Rourke,David Oh,Matt Wolfe,Bill Heeney,Dan Tinney,Al Taubenberger,Clarc King,Joe Cox,Maj Toure,Sherrie Cohen,Steve Cherniavsky,Write-In,21
Omar Sabir,0,72,1,0,70,68,65,60,57,27,22,3,1,0,0,0,0,0,0,0,0,0,21
Lisa Deeley,,2,0,0,63,62,60,56,56,24,18,2,1,0,0,0,0,0,0,0,0,0,21
Al Schmidt,,,0,0,1,1,1,1,0,1,1,2,2,2,2,1,0,0,0,0,0,0,21
Write-In,,,,0,0,0,0,0,0,0,0,0,0,0,0,0,0,0,0,0,0,0,21
Isaiah Thomas,,,,,1,67,64,59,60,18,14,2,0,0,0,0,0,0,0,0,0,0,21
Derek S Green,,,,,,0,61,57,59,16,11,2,0,0,0,0,0,0,0,0,0,0,21
Katherine Gilmore Richardson,,,,,,,1,56,57,16,11,2,0,0,0,0,0,0,0,0,0,0,21
Allan Domb,,,,,,,,0,53,6,4,3,0,0,0,0,0,0,0,0,0,0,21
Helen Gym,,,,,,,,,0,8,4,1,0,0,0,0,0,0,0,0,0,0,21
Kendra Brooks,,,,,,,,,,1,26,1,1,0,0,0,0,0,0,0,0,0,21
Nicolas O'Rourke,,,,,,,,,,,0,1,1,0,0,0,0,0,0,0,0,0,21
David Oh,,,,,,,,,,,,0,1,1,1,1,0,0,0,0,0,0,21
Matt Wolfe,,,,,,,,,,,,,0,2,2,1,0,0,0,0,0,0,21
Bill Heeney,,,,,,,,,,,,,,0,2,1,0,0,0,0,0,0,21
Dan Tinney,,,,,,,,,,,,,,,0,1,0,0,0,0,0,0,21
Al Taubenberger,,,,,,,,,,,,,,,,0,0,0,0,0,0,0,21
Clarc King,,,,,,,,,,,,,,,,,0,0,0,0,0,0,21
Joe Cox,,,,,,,,,,,,,,,,,,0,0,0,0,0,21
Maj Toure,,,,,,,,,,,,,,,,,,,0,0,0,0,21
Sherrie Cohen,,,,,,,,,,,,,,,,,,,,0,0,0,21
Steve Cherniavsky,,,,,,,,,,,,,,,,,,,,,0,0,21
Write-In,,,,,,,,,,,,,,,,,,,,,,0,21
Total,82,76,4,0,75,71,70,64,62,33,26,4,3,2,2,1,0,0,0,0,0,0,21
,Council At Large,,,,,,,,,,,,,,,,,,City Commissioners,,,,22
,Isaiah Thomas,Derek S Green,Allan Domb,Helen Gym,Katherine Gilmore Richardson,Kendra Brooks,Nicolas O'Rourke,David Oh,Al Taubenberger,Bill Heeney,Dan Tinney,Joe Cox,Maj Toure,Matt Wolfe,Clarc King,Sherrie Cohen,Steve Cherniavsky,Write-In,Omar Sabir,Lisa Deeley,Al Schmidt,Write-In,22
Isaiah Thomas,0,132,129,128,124,10,8,3,2,1,1,0,2,1,1,1,0,0,136,133,1,0,22
Derek S Green,,0,127,124,122,4,3,2,1,0,0,0,2,0,1,1,0,0,130,129,1,0,22
Allan Domb,,,0,125,122,3,2,3,1,0,0,0,0,0,1,0,0,0,125,128,1,0,22
Helen Gym,,,,0,124,5,3,3,2,0,0,0,0,0,1,0,0,0,128,128,1,0,22
Katherine Gilmore Richardson,,,,,0,2,1,2,0,0,0,0,0,0,0,0,0,0,124,124,0,0,22
Kendra Brooks,,,,,,0,10,1,1,0,0,0,0,0,0,0,0,0,8,7,0,0,22
Nicolas O'Rourke,,,,,,,0,0,0,0,0,0,1,0,0,1,0,0,7,6,0,0,22
David Oh,,,,,,,,0,2,1,1,0,0,1,0,0,0,0,3,4,2,0,22
Al Taubenberger,,,,,,,,,0,1,2,0,0,2,0,0,0,0,2,2,1,0,22
Bill Heeney,,,,,,,,,,0,1,0,0,1,0,0,0,0,1,0,1,0,22
Dan Tinney,,,,,,,,,,,0,0,0,2,0,0,0,0,0,0,1,0,22
Joe Cox,,,,,,,,,,,,2,0,0,0,0,0,0,0,0,0,0,22
Maj Toure,,,,,,,,,,,,,0,0,0,1,0,0,2,1,0,0,22
Matt Wolfe,,,,,,,,,,,,,,0,0,0,0,0,0,0,1,0,22
Clarc King,,,,,,,,,,,,,,,0,0,0,0,1,1,0,0,22
Sherrie Cohen,,,,,,,,,,,,,,,,0,0,0,1,1,0,0,22
Steve Cherniavsky,,,,,,,,,,,,,,,,,0,0,0,0,0,0,22
Write-In,,,,,,,,,,,,,,,,,,0,0,0,0,0,22
Omar Sabir,,,,,,,,,,,,,,,,,,,0,132,0,0,22
Lisa Deeley,,,,,,,,,,,,,,,,,,,,0,1,0,22
Al Schmidt,,,,,,,,,,,,,,,,,,,,,0,0,22
Write-In,,,,,,,,,,,,,,,,,,,,,,0,22
Total,143,134,131,130,125,13,11,5,4,2,2,2,2,2,1,1,0,0,139,135,2,0,22
