col_1,col_2,col_3,col_4,col_5,col_6,col_7,col_8,col_9,col_10,col_11,col_12,col_13,col_14,col_15,col_16,col_17,col_18,col_19,col_20,col_21,col_22,col_23,col_24,col_25,col_26,col_27,col_28,col_29,division
,Controller - Democrat,,,Judge Of The Traffic Court - Democrat,,,,,,,,,,,,,,,,,,,,,,,,,All
,Alan Butkovitz,Brett Mandel,Mark Zecca,Inja Coates,Omar Sabir,Brigitte A Garvin Johnson,Tia M Seibert,Suzanne Harmon Carn,Lewis Harris Jr,Donna Derose,Warren Bloom,Marnie Aument Loughrey,Robert Tuerk,Sharif Ali,Donna Marie Laws,Ashley Michelle Cook,Bobbie T Curry,Tyrone T Martin,Jose A Figueroa,Wayne E Dorsey,David Mamikonyan,James Johnson,Holly A Harris Seidle,Bruce H Bailey,Keith Jackson,Kyle J Sampson,Verna Ragan Tennant,Ryan Mulvey,All
Alan Butkovitz,69,0,0,64,39,30,31,25,27,26,26,20,14,22,23,16,6,9,13,6,7,9,7,5,1,4,2,2,All
Brett Mandel,,55,0,55,9,9,15,19,13,12,8,10,17,10,12,12,11,13,6,3,6,2,5,5,2,2,4,3,All
Mark Zecca,,,8,12,11,3,7,7,6,7,3,4,2,2,1,3,8,1,3,11,3,3,2,0,4,1,1,1,All
Inja Coates,,,,2,7,9,6,6,1,16,1,5,32,8,13,1,2,7,7,6,4,0,6,1,0,1,2,0,All
Omar Sabir,,,,,6,4,5,3,11,7,3,15,1,12,5,5,4,3,4,2,2,4,2,3,1,1,0,0,All
Brigitte A Garvin Johnson,,,,,,10,4,2,3,2,1,1,0,2,2,6,2,0,2,2,0,2,2,1,0,0,0,0,All
Tia M Seibert,,,,,,,0,12,15,0,16,1,2,4,4,3,10,1,3,1,4,1,0,0,0,0,1,2,All
Suzanne Harmon Carn,,,,,,,,0,13,5,11,0,2,1,8,9,5,2,2,3,5,0,3,1,0,0,1,2,All
Lewis Harris Jr,,,,,,,,,2,0,15,0,0,4,0,6,6,2,0,2,2,2,1,2,0,1,0,0,All
Donna Derose,,,,,,,,,,0,2,17,5,1,5,2,1,1,1,5,0,2,3,0,1,1,1,1,All
Warren Bloom,,,,,,,,,,,1,1,0,1,1,3,4,1,1,1,1,2,1,3,0,0,1,2,All
Marnie Aument Loughrey,,,,,,,,,,,,0,1,3,2,3,2,2,1,2,2,0,1,1,2,0,0,0,All
Robert Tuerk,,,,,,,,,,,,,0,1,1,1,0,3,2,0,0,0,3,0,0,0,1,0,All
Sharif Ali,,,,,,,,,,,,,,0,7,6,0,2,6,1,1,4,0,2,0,0,0,1,All
Donna Marie Laws,,,,,,,,,,,,,,,0,6,1,2,1,0,0,3,3,2,1,1,1,0,All
Ashley Michelle Cook,,,,,,,,,,,,,,,,1,1,4,1,2,0,2,1,0,1,0,1,0,All
Bobbie T Curry,,,,,,,,,,,,,,,,,0,2,0,1,2,0,0,2,1,2,0,0,All
Tyrone T Martin,,,,,,,,,,,,,,,,,,1,2,2,1,2,0,2,0,1,0,0,All
Jose A Figueroa,,,,,,,,,,,,,,,,,,,0,0,1,2,0,1,1,1,1,0,All
Wayne E Dorsey,,,,,,,,,,,,,,,,,,,,0,0,2,0,1,1,1,1,0,All
David Mamikonyan,,,,,,,,,,,,,,,,,,,,,1,0,0,0,0,0,1,1,All
James Johnson,,,,,,,,,,,,,,,,,,,,,,0,0,0,3,0,0,0,All
Holly A Harris Seidle,,,,,,,,,,,,,,,,,,,,,,,0,0,0,0,1,0,All
Bruce H Bailey,,,,,,,,,,,,,,,,,,,,,,,,0,0,0,1,0,All
Keith Jackson,,,,,,,,,,,,,,,,,,,,,,,,,0,1,0,1,All
Kyle J Sampson,,,,,,,,,,,,,,,,,,,,,,,,,,0,0,2,All
Verna Ragan Tennant,,,,,,,,,,,,,,,,,,,,,,,,,,,0,0,All
Ryan Mulvey,,,,,,,,,,,,,,,,,,,,,,,,,,,,0,All
Total,263,182,54,142,75,56,56,54,51,47,41,39,39,39,37,34,26,25,22,22,18,17,14,13,7,7,7,6,All
,Controller - Democrat,,,Judge Of The Traffic Court - Democrat,,,,,,,,,,,,,,,,,,,,,,,,,1
,Alan Butkovitz,Brett Mandel,Mark Zecca,Inja Coates,Donna Derose,Marnie Aument Loughrey,Suzanne Harmon Carn,Ashley Michelle Cook,Bobbie T Curry,Omar Sabir,Donna Marie Laws,Holly A Harris Seidle,Robert Tuerk,Ryan Mulvey,Tyrone T Martin,Verna Ragan Tennant,Warren Bloom,Brigitte A Garvin Johnson,Bruce H Bailey,David Mamikonyan,James Johnson,Jose A Figueroa,Keith Jackson,Kyle J Sampson,Lewis Harris Jr,Sharif Ali,Tia M Seibert,Wayne E Dorsey,1
Alan Butkovitz,6,0,0,4,4,3,1,1,0,1,0,1,1,0,0,1,0,0,0,0,0,0,0,0,0,0,0,0,1
Brett Mandel,,2,0,2,0,1,2,1,2,0,1,0,0,1,1,0,1,0,0,0,0,0,0,0,0,0,0,0,1
Mark Zecca,,,1,1,1,1,0,0,0,1,0,0,0,0,0,0,0,0,0,0,0,0,0,0,0,0,0,0,1
Inja Coates,,,,0,2,1,1,1,1,0,1,0,1,0,0,0,0,0,0,0,0,0,0,0,0,0,0,0,1
Donna Derose,,,,,0,4,0,0,0,1,0,0,1,0,0,0,0,0,0,0,0,0,0,0,0,0,0,0,1
Marnie Aument Loughrey,,,,,,0,0,0,1,1,0,0,0,0,1,0,0,0,0,0,0,0,0,0,0,0,0,0,1
Suzanne Harmon Carn,,,,,,,0,1,0,0,0,0,0,1,0,0,1,0,0,0,0,0,0,0,0,0,0,0,1
Ashley Michelle Cook,,,,,,,,0,0,0,0,1,0,0,0,1,0,0,0,0,0,0,0,0,0,0,0,0,1
Bobbie T Curry,,,,,,,,,0,0,1,0,0,0,1,0,0,0,0,0,0,0,0,0,0,0,0,0,1
Omar Sabir,,,,,,,,,,0,0,0,0,0,0,0,0,0,0,0,0,0,0,0,0,0,0,0,1
Donna Marie Laws,,,,,,,,,,,0,0,0,0,0,0,0,0,0,0,0,0,0,0,0,0,0,0,1
Holly A Harris Seidle,,,,,,,,,,,,0,0,0,0,1,0,0,0,0,0,0,0,0,0,0,0,0,1
Robert Tuerk,,,,,,,,,,,,,0,0,0,0,0,0,0,0,0,0,0,0,0,0,0,0,1
Ryan Mulvey,,,,,,,,,,,,,,0,0,0,1,0,0,0,0,0,0,0,0,0,0,0,1
Tyrone T Martin,,,,,,,,,,,,,,,0,0,0,0,0,0,0,0,0,0,0,0,0,0,1
Verna Ragan Tennant,,,,,,,,,,,,,,,,0,0,0,0,0,0,0,0,0,0,0,0,0,1
Warren Bloom,,,,,,,,,,,,,,,,,0,0,0,0,0,0,0,0,0,0,0,0,1
Brigitte A Garvin Johnson,,,,,,,,,,,,,,,,,,0,0,0,0,0,0,0,0,0,0,0,1
Bruce H Bailey,,,,,,,,,,,,,,,,,,,0,0,0,0,0,0,0,0,0,0,1
David Mamikonyan,,,,,,,,,,,,,,,,,,,,0,0,0,0,0,0,0,0,0,1
James Johnson,,,,,,,,,,,,,,,,,,,,,0,0,0,0,0,0,0,0,1
Jose A Figueroa,,,,,,,,,,,,,,,,,,,,,,0,0,0,0,0,0,0,1
Keith Jackson,,,,,,,,,,,,,,,,,,,,,,,0,0,0,0,0,0,1
Kyle J Sampson,,,,,,,,,,,,,,,,,,,,,,,,0,0,0,0,0,1
Lewis Harris Jr,,,,,,,,,,,,,,,,,,,,,,,,,0,0,0,0,1
Sharif Ali,,,,,,,,,,,,,,,,,,,,,,,,,,0,0,0,1
Tia M Seibert,,,,,,,,,,,,,,,,,,,,,,,,,,,0,0,1
Wayne E Dorsey,,,,,,,,,,,,,,,,,,,,,,,,,,,,0,1
Total,15,6,3,7,5,5,3,2,2,2,1,1,1,1,1,1,1,0,0,0,0,0,0,0,0,0,0,0,1
,Controller - Democrat,,,Judge Of The Traffic Court - Democrat,,,,,,,,,,,,,,,,,,,,,,,,,2
,Brett Mandel,Alan Butkovitz,Mark Zecca,Inja Coates,Robert Tuerk,Tia M Seibert,Suzanne Harmon Carn,Donna Derose,Lewis Harris Jr,Sharif Ali,Warren Bloom,Donna Marie Laws,Holly A Harris Seidle,Jose A Figueroa,Ashley Michelle Cook,Bobbie T Curry,James Johnson,Kyle J Sampson,Marnie Aument Loughrey,Omar Sabir,Ryan Mulvey,Brigitte A Garvin Johnson,Bruce H Bailey,David Mamikonyan,Keith Jackson,Tyrone T Martin,Verna Ragan Tennant,Wayne E Dorsey,2
Brett Mandel,14,0,0,18,7,4,2,0,0,1,0,0,0,1,0,1,0,0,0,0,0,0,0,0,0,0,0,0,2
Alan Butkovitz,,5,0,8,0,3,3,4,3,2,3,2,2,1,1,0,1,1,1,1,1,0,0,0,0,0,0,0,2
Mark Zecca,,,1,1,0,0,0,0,0,0,0,0,0,0,0,0,0,0,0,0,0,0,0,0,0,0,0,0,2
Inja Coates,,,,1,7,3,3,3,0,1,0,0,1,1,0,0,0,0,1,0,0,0,0,0,0,0,0,0,2
Robert Tuerk,,,,,0,2,1,0,0,0,0,0,0,0,0,0,0,0,0,0,0,0,0,0,0,0,0,0,2
Tia M Seibert,,,,,,0,1,0,2,2,2,0,0,1,0,0,0,0,0,1,0,0,0,0,0,0,0,0,2
Suzanne Harmon Carn,,,,,,,0,0,0,0,0,2,1,1,1,0,0,0,0,0,0,0,0,0,0,0,0,0,2
Donna Derose,,,,,,,,0,0,0,0,0,1,0,0,0,0,1,1,0,1,0,0,0,0,0,0,0,2
Lewis Harris Jr,,,,,,,,,0,0,3,0,0,0,0,0,1,0,0,0,0,0,0,0,0,0,0,0,2
Sharif Ali,,,,,,,,,,0,0,0,0,1,0,0,0,0,0,1,0,0,0,0,0,0,0,0,2
Warren Bloom,,,,,,,,,,,0,0,0,0,0,0,1,0,0,0,0,0,0,0,0,0,0,0,2
Donna Marie Laws,,,,,,,,,,,,0,1,0,1,0,0,0,0,0,0,0,0,0,0,0,0,0,2
Holly A Harris Seidle,,,,,,,,,,,,,0,0,0,0,0,0,0,0,0,0,0,0,0,0,0,0,2
Jose A Figueroa,,,,,,,,,,,,,,0,0,0,0,0,0,0,0,0,0,0,0,0,0,0,2
Ashley Michelle Cook,,,,,,,,,,,,,,,0,0,0,0,0,0,0,0,0,0,0,0,0,0,2
Bobbie T Curry,,,,,,,,,,,,,,,,0,0,0,0,0,0,0,0,0,0,0,0,0,2
James Johnson,,,,,,,,,,,,,,,,,0,0,0,0,0,0,0,0,0,0,0,0,2
Kyle J Sampson,,,,,,,,,,,,,,,,,,0,0,0,1,0,0,0,0,0,0,0,2
Marnie Aument Loughrey,,,,,,,,,,,,,,,,,,,0,0,0,0,0,0,0,0,0,0,2
Omar Sabir,,,,,,,,,,,,,,,,,,,,0,0,0,0,0,0,0,0,0,2
Ryan Mulvey,,,,,,,,,,,,,,,,,,,,,0,0,0,0,0,0,0,0,2
Brigitte A Garvin Johnson,,,,,,,,,,,,,,,,,,,,,,0,0,0,0,0,0,0,2
Bruce H Bailey,,,,,,,,,,,,,,,,,,,,,,,0,0,0,0,0,0,2
David Mamikonyan,,,,,,,,,,,,,,,,,,,,,,,,0,0,0,0,0,2
Keith Jackson,,,,,,,,,,,,,,,,,,,,,,,,,0,0,0,0,2
Tyrone T Martin,,,,,,,,,,,,,,,,,,,,,,,,,,0,0,0,2
Verna Ragan Tennant,,,,,,,,,,,,,,,,,,,,,,,,,,,0,0,2
Wayne E Dorsey,,,,,,,,,,,,,,,,,,,,,,,,,,,,0,2
Total,34,20,2,28,7,7,5,4,3,3,3,2,2,2,1,1,1,1,1,1,1,0,0,0,0,0,0,0,2
,Controller - Democrat,,,Judge Of The Traffic Court - Democrat,,,,,,,,,,,,,,,,,,,,,,,,,3
,Alan Butkovitz,Brett Mandel,Mark Zecca,Inja Coates,Bobbie T Curry,Brigitte A Garvin Johnson,Bruce H Bailey,Donna Marie Laws,Jose A Figueroa,Lewis Harris Jr,Omar Sabir,Sharif Ali,Tia M Seibert,Warren Bloom,Ashley Michelle Cook,David Mamikonyan,Donna Derose,Holly A Harris Seidle,James Johnson,Keith Jackson,Kyle J Sampson,Marnie Aument Loughrey,Robert Tuerk,Ryan Mulvey,Suzanne Harmon Carn,Tyrone T Martin,Verna Ragan Tennant,Wayne E Dorsey,3
Alan Butkovitz,1,0,0,1,1,1,0,0,1,1,1,1,1,1,0,0,0,0,0,0,0,0,0,0,0,0,0,0,3
Brett Mandel,,1,0,1,0,0,1,1,0,0,0,0,0,0,0,0,0,0,0,0,0,0,0,0,0,0,0,0,3
Mark Zecca,,,0,0,0,0,0,0,0,0,0,0,0,0,0,0,0,0,0,0,0,0,0,0,0,0,0,0,3
Inja Coates,,,,0,0,1,1,1,1,0,0,0,0,0,0,0,0,0,0,0,0,0,0,0,0,0,0,0,3
Bobbie T Curry,,,,,0,0,0,0,0,0,0,0,1,1,0,0,0,0,0,0,0,0,0,0,0,0,0,0,3
Brigitte A Garvin Johnson,,,,,,0,0,0,1,0,0,0,0,0,0,0,0,0,0,0,0,0,0,0,0,0,0,0,3
Bruce H Bailey,,,,,,,0,1,0,0,0,0,0,0,0,0,0,0,0,0,0,0,0,0,0,0,0,0,3
Donna Marie Laws,,,,,,,,0,0,0,0,0,0,0,0,0,0,0,0,0,0,0,0,0,0,0,0,0,3
Jose A Figueroa,,,,,,,,,0,0,0,0,0,0,0,0,0,0,0,0,0,0,0,0,0,0,0,0,3
Lewis Harris Jr,,,,,,,,,,0,1,1,0,0,0,0,0,0,0,0,0,0,0,0,0,0,0,0,3
Omar Sabir,,,,,,,,,,,0,1,0,0,0,0,0,0,0,0,0,0,0,0,0,0,0,0,3
Sharif Ali,,,,,,,,,,,,0,0,0,0,0,0,0,0,0,0,0,0,0,0,0,0,0,3
Tia M Seibert,,,,,,,,,,,,,0,1,0,0,0,0,0,0,0,0,0,0,0,0,0,0,3
Warren Bloom,,,,,,,,,,,,,,0,0,0,0,0,0,0,0,0,0,0,0,0,0,0,3
Ashley Michelle Cook,,,,,,,,,,,,,,,0,0,0,0,0,0,0,0,0,0,0,0,0,0,3
David Mamikonyan,,,,,,,,,,,,,,,,0,0,0,0,0,0,0,0,0,0,0,0,0,3
Donna Derose,,,,,,,,,,,,,,,,,0,0,0,0,0,0,0,0,0,0,0,0,3
Holly A Harris Seidle,,,,,,,,,,,,,,,,,,0,0,0,0,0,0,0,0,0,0,0,3
James Johnson,,,,,,,,,,,,,,,,,,,0,0,0,0,0,0,0,0,0,0,3
Keith Jackson,,,,,,,,,,,,,,,,,,,,0,0,0,0,0,0,0,0,0,3
Kyle J Sampson,,,,,,,,,,,,,,,,,,,,,0,0,0,0,0,0,0,0,3
Marnie Aument Loughrey,,,,,,,,,,,,,,,,,,,,,,0,0,0,0,0,0,0,3
Robert Tuerk,,,,,,,,,,,,,,,,,,,,,,,0,0,0,0,0,0,3
Ryan Mulvey,,,,,,,,,,,,,,,,,,,,,,,,0,0,0,0,0,3
Suzanne Harmon Carn,,,,,,,,,,,,,,,,,,,,,,,,,0,0,0,0,3
Tyrone T Martin,,,,,,,,,,,,,,,,,,,,,,,,,,0,0,0,3
Verna Ragan Tennant,,,,,,,,,,,,,,,,,,,,,,,,,,,0,0,3
Wayne E Dorsey,,,,,,,,,,,,,,,,,,,,,,,,,,,,0,3
Total,4,2,0,2,1,1,1,1,1,1,1,1,1,1,0,0,0,0,0,0,0,0,0,0,0,0,0,0,3
,Controller - Democrat,,,Judge Of The Traffic Court - Democrat,,,,,,,,,,,,,,,,,,,,,,,,,4
,Alan Butkovitz,Brett Mandel,Mark Zecca,Omar Sabir,Lewis Harris Jr,Marnie Aument Loughrey,Tia M Seibert,Ashley Michelle Cook,Bobbie T Curry,James Johnson,Tyrone T Martin,Brigitte A Garvin Johnson,Sharif Ali,Wayne E Dorsey,David Mamikonyan,Donna Derose,Inja Coates,Robert Tuerk,Donna Marie Laws,Holly A Harris Seidle,Jose A Figueroa,Kyle J Sampson,Suzanne Harmon Carn,Warren Bloom,Bruce H Bailey,Keith Jackson,Ryan Mulvey,Verna Ragan Tennant,4
Alan Butkovitz,3,0,0,4,2,2,3,3,0,2,1,2,0,0,0,1,0,0,1,0,1,0,0,1,0,0,0,0,4
Brett Mandel,,0,0,3,5,2,2,2,3,0,2,1,1,1,0,0,1,2,0,1,0,1,1,0,0,0,0,0,4
Mark Zecca,,,0,0,1,0,1,0,1,0,0,0,0,1,1,1,1,0,0,0,0,0,0,0,0,0,0,0,4
Omar Sabir,,,,1,1,5,1,2,0,1,1,1,0,0,0,1,0,1,1,0,0,0,1,0,0,0,0,0,4
Lewis Harris Jr,,,,,0,0,2,1,3,0,0,1,0,1,0,0,0,0,0,0,0,1,1,1,0,0,0,0,4
Marnie Aument Loughrey,,,,,,0,0,1,0,0,0,0,0,0,0,1,0,0,1,0,0,0,0,0,0,0,0,0,4
Tia M Seibert,,,,,,,0,1,3,0,0,1,0,0,1,0,0,0,0,0,1,0,0,0,0,0,0,0,4
Ashley Michelle Cook,,,,,,,,0,0,1,2,0,1,0,0,0,0,0,0,0,0,0,0,1,0,0,0,0,4
Bobbie T Curry,,,,,,,,,0,0,0,0,0,0,1,0,0,0,0,0,0,1,0,0,0,0,0,0,4
James Johnson,,,,,,,,,,0,1,1,2,1,0,0,0,0,0,0,0,0,0,0,0,0,0,0,4
Tyrone T Martin,,,,,,,,,,,1,0,1,0,0,0,0,1,0,0,0,0,0,0,0,0,0,0,4
Brigitte A Garvin Johnson,,,,,,,,,,,,0,0,1,0,0,0,0,0,0,1,0,0,0,0,0,0,0,4
Sharif Ali,,,,,,,,,,,,,0,1,0,0,0,0,0,0,0,0,0,0,0,0,0,0,4
Wayne E Dorsey,,,,,,,,,,,,,,0,0,1,1,0,0,0,0,0,0,0,0,0,0,0,4
David Mamikonyan,,,,,,,,,,,,,,,1,0,0,0,0,0,0,0,0,0,0,0,0,0,4
Donna Derose,,,,,,,,,,,,,,,,0,1,0,0,0,0,0,0,0,0,0,0,0,4
Inja Coates,,,,,,,,,,,,,,,,,0,1,0,1,0,0,0,0,0,0,0,0,4
Robert Tuerk,,,,,,,,,,,,,,,,,,0,0,1,0,0,0,0,0,0,0,0,4
Donna Marie Laws,,,,,,,,,,,,,,,,,,,0,0,0,0,0,0,0,0,0,0,4
Holly A Harris Seidle,,,,,,,,,,,,,,,,,,,,0,0,0,0,0,0,0,0,0,4
Jose A Figueroa,,,,,,,,,,,,,,,,,,,,,0,0,0,0,0,0,0,0,4
Kyle J Sampson,,,,,,,,,,,,,,,,,,,,,,0,0,0,0,0,0,0,4
Suzanne Harmon Carn,,,,,,,,,,,,,,,,,,,,,,,0,0,0,0,0,0,4
Warren Bloom,,,,,,,,,,,,,,,,,,,,,,,,0,0,0,0,0,4
Bruce H Bailey,,,,,,,,,,,,,,,,,,,,,,,,,0,0,0,0,4
Keith Jackson,,,,,,,,,,,,,,,,,,,,,,,,,,0,0,0,4
Ryan Mulvey,,,,,,,,,,,,,,,,,,,,,,,,,,,0,0,4
Verna Ragan Tennant,,,,,,,,,,,,,,,,,,,,,,,,,,,,0,4
Total,12,10,3,10,8,6,6,5,4,4,4,3,3,3,2,2,2,2,1,1,1,1,1,1,0,0,0,0,4
,Controller - Democrat,,,Judge Of The Traffic Court - Democrat,,,,,,,,,,,,,,,,,,,,,,,,,5
,Brett Mandel,Alan Butkovitz,Mark Zecca,Wayne E Dorsey,Donna Derose,Inja Coates,Marnie Aument Loughrey,Tia M Seibert,Verna Ragan Tennant,Brigitte A Garvin Johnson,Donna Marie Laws,James Johnson,Keith Jackson,Kyle J Sampson,Lewis Harris Jr,Omar Sabir,Robert Tuerk,Ryan Mulvey,Sharif Ali,Suzanne Harmon Carn,Warren Bloom,Ashley Michelle Cook,Bobbie T Curry,Bruce H Bailey,David Mamikonyan,Holly A Harris Seidle,Jose A Figueroa,Tyrone T Martin,5
Brett Mandel,3,0,0,1,2,1,2,0,1,0,0,0,1,1,0,0,1,1,1,1,0,0,0,0,0,0,0,0,5
Alan Butkovitz,,2,0,0,0,0,0,2,1,0,1,0,0,0,1,0,0,0,0,0,1,0,0,0,0,0,0,0,5
Mark Zecca,,,0,1,0,0,0,0,0,0,0,1,0,0,0,1,0,0,0,0,0,0,0,0,0,0,0,0,5
Wayne E Dorsey,,,,0,0,1,0,0,0,1,0,0,0,0,0,0,0,0,0,0,0,0,0,0,0,0,0,0,5
Donna Derose,,,,,0,0,1,0,1,0,0,0,0,0,0,0,1,0,0,1,0,0,0,0,0,0,0,0,5
Inja Coates,,,,,,0,1,0,0,1,0,0,0,0,0,0,0,0,1,0,0,0,0,0,0,0,0,0,5
Marnie Aument Loughrey,,,,,,,0,0,0,0,0,0,0,0,0,0,1,0,1,0,0,0,0,0,0,0,0,0,5
Tia M Seibert,,,,,,,,0,1,0,1,0,0,0,1,0,0,0,0,0,1,0,0,0,0,0,0,0,5
Verna Ragan Tennant,,,,,,,,,0,0,1,0,0,0,0,0,0,0,0,1,0,0,0,0,0,0,0,0,5
Brigitte A Garvin Johnson,,,,,,,,,,0,0,0,0,0,0,0,0,0,0,0,0,0,0,0,0,0,0,0,5
Donna Marie Laws,,,,,,,,,,,0,0,0,0,0,0,0,0,0,0,0,0,0,0,0,0,0,0,5
James Johnson,,,,,,,,,,,,0,0,0,0,1,0,0,0,0,0,0,0,0,0,0,0,0,5
Keith Jackson,,,,,,,,,,,,,0,1,0,0,0,1,0,0,0,0,0,0,0,0,0,0,5
Kyle J Sampson,,,,,,,,,,,,,,0,0,0,0,1,0,0,0,0,0,0,0,0,0,0,5
Lewis Harris Jr,,,,,,,,,,,,,,,0,0,0,0,0,0,1,0,0,0,0,0,0,0,5
Omar Sabir,,,,,,,,,,,,,,,,0,0,0,0,0,0,0,0,0,0,0,0,0,5
Robert Tuerk,,,,,,,,,,,,,,,,,0,0,0,0,0,0,0,0,0,0,0,0,5
Ryan Mulvey,,,,,,,,,,,,,,,,,,0,0,0,0,0,0,0,0,0,0,0,5
Sharif Ali,,,,,,,,,,,,,,,,,,,0,0,0,0,0,0,0,0,0,0,5
Suzanne Harmon Carn,,,,,,,,,,,,,,,,,,,,0,0,0,0,0,0,0,0,0,5
Warren Bloom,,,,,,,,,,,,,,,,,,,,,0,0,0,0,0,0,0,0,5
Ashley Michelle Cook,,,,,,,,,,,,,,,,,,,,,,0,0,0,0,0,0,0,5
Bobbie T Curry,,,,,,,,,,,,,,,,,,,,,,,0,0,0,0,0,0,5
Bruce H Bailey,,,,,,,,,,,,,,,,,,,,,,,,0,0,0,0,0,5
David Mamikonyan,,,,,,,,,,,,,,,,,,,,,,,,,0,0,0,0,5
Holly A Harris Seidle,,,,,,,,,,,,,,,,,,,,,,,,,,0,0,0,5
Jose A Figueroa,,,,,,,,,,,,,,,,,,,,,,,,,,,0,0,5
Tyrone T Martin,,,,,,,,,,,,,,,,,,,,,,,,,,,,0,5
Total,8,4,2,3,2,2,2,2,2,1,1,1,1,1,1,1,1,1,1,1,1,0,0,0,0,0,0,0,5
,Controller - Democrat,,,Judge Of The Traffic Court - Democrat,,,,,,,,,,,,,,,,,,,,,,,,,6
,Alan Butkovitz,Brett Mandel,Mark Zecca,Sharif Ali,Tia M Seibert,Ashley Michelle Cook,Donna Marie Laws,Jose A Figueroa,Omar Sabir,Suzanne Harmon Carn,Bobbie T Curry,Brigitte A Garvin Johnson,Bruce H Bailey,Holly A Harris Seidle,Inja Coates,James Johnson,Lewis Harris Jr,Tyrone T Martin,Warren Bloom,Wayne E Dorsey,David Mamikonyan,Donna Derose,Keith Jackson,Kyle J Sampson,Marnie Aument Loughrey,Robert Tuerk,Ryan Mulvey,Verna Ragan Tennant,6
Alan Butkovitz,0,0,0,1,2,1,1,1,1,1,0,1,0,1,1,0,1,0,0,0,0,0,0,0,0,0,0,0,6
Brett Mandel,,1,0,1,0,0,1,0,0,0,0,0,0,0,0,1,0,0,0,0,0,0,0,0,0,0,0,0,6
Mark Zecca,,,0,1,0,1,0,1,1,0,1,0,0,0,0,0,0,0,0,1,0,0,0,0,0,0,0,0,6
Sharif Ali,,,,0,1,0,1,2,1,0,0,0,0,0,0,1,0,0,0,0,0,0,0,0,0,0,0,0,6
Tia M Seibert,,,,,0,0,0,1,0,1,0,1,0,0,1,0,0,0,1,0,0,0,0,0,0,0,0,0,6
Ashley Michelle Cook,,,,,,0,0,0,0,1,1,0,0,0,0,0,1,0,0,1,0,0,0,0,0,0,0,0,6
Donna Marie Laws,,,,,,,0,0,1,0,0,0,0,1,0,1,0,0,0,0,0,0,0,0,0,0,0,0,6
Jose A Figueroa,,,,,,,,0,1,0,0,0,0,0,0,0,0,0,0,0,0,0,0,0,0,0,0,0,6
Omar Sabir,,,,,,,,,0,0,0,0,0,1,0,0,0,0,0,0,0,0,0,0,0,0,0,0,6
Suzanne Harmon Carn,,,,,,,,,,0,0,0,0,0,0,0,1,0,1,0,0,0,0,0,0,0,0,0,6
Bobbie T Curry,,,,,,,,,,,0,0,0,0,0,0,0,0,0,1,0,0,0,0,0,0,0,0,6
Brigitte A Garvin Johnson,,,,,,,,,,,,0,0,0,1,0,0,0,0,0,0,0,0,0,0,0,0,0,6
Bruce H Bailey,,,,,,,,,,,,,0,0,0,0,0,1,0,0,0,0,0,0,0,0,0,0,6
Holly A Harris Seidle,,,,,,,,,,,,,,0,0,0,0,0,0,0,0,0,0,0,0,0,0,0,6
Inja Coates,,,,,,,,,,,,,,,0,0,0,0,0,0,0,0,0,0,0,0,0,0,6
James Johnson,,,,,,,,,,,,,,,,0,0,0,0,0,0,0,0,0,0,0,0,0,6
Lewis Harris Jr,,,,,,,,,,,,,,,,,0,0,0,0,0,0,0,0,0,0,0,0,6
Tyrone T Martin,,,,,,,,,,,,,,,,,,0,0,0,0,0,0,0,0,0,0,0,6
Warren Bloom,,,,,,,,,,,,,,,,,,,0,0,0,0,0,0,0,0,0,0,6
Wayne E Dorsey,,,,,,,,,,,,,,,,,,,,0,0,0,0,0,0,0,0,0,6
David Mamikonyan,,,,,,,,,,,,,,,,,,,,,0,0,0,0,0,0,0,0,6
Donna Derose,,,,,,,,,,,,,,,,,,,,,,0,0,0,0,0,0,0,6
Keith Jackson,,,,,,,,,,,,,,,,,,,,,,,0,0,0,0,0,0,6
Kyle J Sampson,,,,,,,,,,,,,,,,,,,,,,,,0,0,0,0,0,6
Marnie Aument Loughrey,,,,,,,,,,,,,,,,,,,,,,,,,0,0,0,0,6
Robert Tuerk,,,,,,,,,,,,,,,,,,,,,,,,,,0,0,0,6
Ryan Mulvey,,,,,,,,,,,,,,,,,,,,,,,,,,,0,0,6
Verna Ragan Tennant,,,,,,,,,,,,,,,,,,,,,,,,,,,,0,6
Total,4,2,2,3,3,2,2,2,2,2,1,1,1,1,1,1,1,1,1,1,0,0,0,0,0,0,0,0,6
,Judge Of The Traffic Court - Democrat,,,,,,,,,,,,,,,,,,,,,,,,,Controller - Democrat,,,7
,Inja Coates,Robert Tuerk,Lewis Harris Jr,Donna Marie Laws,Suzanne Harmon Carn,Tia M Seibert,Marnie Aument Loughrey,Tyrone T Martin,Warren Bloom,Ashley Michelle Cook,Jose A Figueroa,Omar Sabir,Sharif Ali,Wayne E Dorsey,Bobbie T Curry,Donna Derose,Holly A Harris Seidle,James Johnson,Brigitte A Garvin Johnson,David Mamikonyan,Kyle J Sampson,Ryan Mulvey,Bruce H Bailey,Keith Jackson,Verna Ragan Tennant,Alan Butkovitz,Brett Mandel,Mark Zecca,7
Inja Coates,0,14,0,4,1,1,1,2,0,0,1,2,1,0,0,0,0,0,0,0,1,0,0,0,0,18,10,0,7
Robert Tuerk,,0,0,0,0,0,0,1,0,0,0,0,1,0,0,0,0,0,0,0,0,0,0,0,0,7,2,0,7
Lewis Harris Jr,,,0,0,1,1,0,2,1,1,0,0,0,1,1,0,0,0,0,0,0,0,0,0,0,2,5,0,7
Donna Marie Laws,,,,0,1,1,0,1,0,0,0,2,0,0,0,0,1,1,0,0,1,0,0,0,0,4,1,0,7
Suzanne Harmon Carn,,,,,0,1,0,0,1,0,0,0,0,0,1,0,1,0,0,1,0,1,0,0,0,3,1,0,7
Tia M Seibert,,,,,,0,0,0,2,1,0,0,0,0,1,0,0,1,1,0,0,0,0,0,0,4,1,0,7
Marnie Aument Loughrey,,,,,,,0,0,0,0,1,0,0,2,0,1,1,0,0,0,0,0,0,0,0,1,1,2,7
Tyrone T Martin,,,,,,,,0,0,1,0,0,0,1,0,0,0,0,0,0,0,0,0,0,0,1,3,0,7
Warren Bloom,,,,,,,,,1,0,0,0,0,0,1,0,0,0,0,0,0,1,0,0,0,1,2,0,7
Ashley Michelle Cook,,,,,,,,,,0,1,0,1,0,0,0,0,0,1,0,0,0,0,0,0,1,2,0,7
Jose A Figueroa,,,,,,,,,,,0,0,2,0,0,0,0,0,0,0,0,0,0,0,0,2,1,0,7
Omar Sabir,,,,,,,,,,,,0,0,0,0,1,0,1,0,0,0,0,0,0,0,2,0,0,7
Sharif Ali,,,,,,,,,,,,,0,0,0,0,0,0,0,0,0,0,0,0,0,2,1,0,7
Wayne E Dorsey,,,,,,,,,,,,,,0,0,0,0,0,0,0,0,0,0,0,0,0,1,2,7
Bobbie T Curry,,,,,,,,,,,,,,,0,0,0,0,0,0,0,0,0,0,0,1,1,0,7
Donna Derose,,,,,,,,,,,,,,,,0,1,1,0,0,0,0,0,0,0,1,1,0,7
Holly A Harris Seidle,,,,,,,,,,,,,,,,,0,0,0,0,0,0,0,0,0,1,1,0,7
James Johnson,,,,,,,,,,,,,,,,,,0,0,0,0,0,0,0,0,2,0,0,7
Brigitte A Garvin Johnson,,,,,,,,,,,,,,,,,,,0,0,0,0,0,0,0,1,0,0,7
David Mamikonyan,,,,,,,,,,,,,,,,,,,,0,0,0,0,0,0,0,0,0,7
Kyle J Sampson,,,,,,,,,,,,,,,,,,,,,0,0,0,0,0,1,0,0,7
Ryan Mulvey,,,,,,,,,,,,,,,,,,,,,,0,0,0,0,0,1,0,7
Bruce H Bailey,,,,,,,,,,,,,,,,,,,,,,,0,0,0,0,0,0,7
Keith Jackson,,,,,,,,,,,,,,,,,,,,,,,,0,0,0,0,0,7
Verna Ragan Tennant,,,,,,,,,,,,,,,,,,,,,,,,,0,0,0,0,7
Alan Butkovitz,,,,,,,,,,,,,,,,,,,,,,,,,,6,0,0,7
Brett Mandel,,,,,,,,,,,,,,,,,,,,,,,,,,,0,0,7
Mark Zecca,,,,,,,,,,,,,,,,,,,,,,,,,,,,0,7
Total,34,14,7,6,5,5,4,4,4,3,3,3,3,3,2,2,2,2,1,1,1,1,0,0,0,31,19,2,7
,Controller - Democrat,,,Judge Of The Traffic Court - Democrat,,,,,,,,,,,,,,,,,,,,,,,,,8
,Alan Butkovitz,Brett Mandel,Mark Zecca,Donna Derose,Ashley Michelle Cook,Brigitte A Garvin Johnson,Inja Coates,Jose A Figueroa,Tyrone T Martin,Bobbie T Curry,Bruce H Bailey,David Mamikonyan,Donna Marie Laws,Holly A Harris Seidle,James Johnson,Keith Jackson,Kyle J Sampson,Lewis Harris Jr,Marnie Aument Loughrey,Omar Sabir,Robert Tuerk,Ryan Mulvey,Sharif Ali,Suzanne Harmon Carn,Tia M Seibert,Verna Ragan Tennant,Warren Bloom,Wayne E Dorsey,8
Alan Butkovitz,0,0,0,1,0,0,1,1,1,0,0,0,0,0,0,0,0,0,0,0,0,0,0,0,0,0,0,0,8
Brett Mandel,,1,0,1,1,1,0,0,0,0,0,0,0,0,0,0,0,0,0,0,0,0,0,0,0,0,0,0,8
Mark Zecca,,,0,0,0,0,0,0,0,0,0,0,0,0,0,0,0,0,0,0,0,0,0,0,0,0,0,0,8
Donna Derose,,,,0,1,1,0,0,0,0,0,0,0,0,0,0,0,0,0,0,0,0,0,0,0,0,0,0,8
Ashley Michelle Cook,,,,,0,1,0,0,0,0,0,0,0,0,0,0,0,0,0,0,0,0,0,0,0,0,0,0,8
Brigitte A Garvin Johnson,,,,,,0,0,0,0,0,0,0,0,0,0,0,0,0,0,0,0,0,0,0,0,0,0,0,8
Inja Coates,,,,,,,0,1,1,0,0,0,0,0,0,0,0,0,0,0,0,0,0,0,0,0,0,0,8
Jose A Figueroa,,,,,,,,0,1,0,0,0,0,0,0,0,0,0,0,0,0,0,0,0,0,0,0,0,8
Tyrone T Martin,,,,,,,,,0,0,0,0,0,0,0,0,0,0,0,0,0,0,0,0,0,0,0,0,8
Bobbie T Curry,,,,,,,,,,0,0,0,0,0,0,0,0,0,0,0,0,0,0,0,0,0,0,0,8
Bruce H Bailey,,,,,,,,,,,0,0,0,0,0,0,0,0,0,0,0,0,0,0,0,0,0,0,8
David Mamikonyan,,,,,,,,,,,,0,0,0,0,0,0,0,0,0,0,0,0,0,0,0,0,0,8
Donna Marie Laws,,,,,,,,,,,,,0,0,0,0,0,0,0,0,0,0,0,0,0,0,0,0,8
Holly A Harris Seidle,,,,,,,,,,,,,,0,0,0,0,0,0,0,0,0,0,0,0,0,0,0,8
James Johnson,,,,,,,,,,,,,,,0,0,0,0,0,0,0,0,0,0,0,0,0,0,8
Keith Jackson,,,,,,,,,,,,,,,,0,0,0,0,0,0,0,0,0,0,0,0,0,8
Kyle J Sampson,,,,,,,,,,,,,,,,,0,0,0,0,0,0,0,0,0,0,0,0,8
Lewis Harris Jr,,,,,,,,,,,,,,,,,,0,0,0,0,0,0,0,0,0,0,0,8
Marnie Aument Loughrey,,,,,,,,,,,,,,,,,,,0,0,0,0,0,0,0,0,0,0,8
Omar Sabir,,,,,,,,,,,,,,,,,,,,0,0,0,0,0,0,0,0,0,8
Robert Tuerk,,,,,,,,,,,,,,,,,,,,,0,0,0,0,0,0,0,0,8
Ryan Mulvey,,,,,,,,,,,,,,,,,,,,,,0,0,0,0,0,0,0,8
Sharif Ali,,,,,,,,,,,,,,,,,,,,,,,0,0,0,0,0,0,8
Suzanne Harmon Carn,,,,,,,,,,,,,,,,,,,,,,,,0,0,0,0,0,8
Tia M Seibert,,,,,,,,,,,,,,,,,,,,,,,,,0,0,0,0,8
Verna Ragan Tennant,,,,,,,,,,,,,,,,,,,,,,,,,,0,0,0,8
Warren Bloom,,,,,,,,,,,,,,,,,,,,,,,,,,,0,0,8
Wayne E Dorsey,,,,,,,,,,,,,,,,,,,,,,,,,,,,0,8
Total,2,2,0,2,1,1,1,1,1,0,0,0,0,0,0,0,0,0,0,0,0,0,0,0,0,0,0,0,8
,Controller - Democrat,,,Judge Of The Traffic Court - Democrat,,,,,,,,,,,,,,,,,,,,,,,,,9
,Alan Butkovitz,Brett Mandel,Mark Zecca,Inja Coates,Donna Derose,Marnie Aument Loughrey,Bobbie T Curry,David Mamikonyan,Holly A Harris Seidle,Robert Tuerk,Ashley Michelle Cook,Brigitte A Garvin Johnson,Bruce H Bailey,Donna Marie Laws,James Johnson,Jose A Figueroa,Keith Jackson,Kyle J Sampson,Lewis Harris Jr,Omar Sabir,Ryan Mulvey,Sharif Ali,Suzanne Harmon Carn,Tia M Seibert,Tyrone T Martin,Verna Ragan Tennant,Warren Bloom,Wayne E Dorsey,9
Alan Butkovitz,2,0,0,3,0,1,0,1,1,1,0,0,0,0,0,0,0,0,0,0,0,0,0,0,0,0,0,0,9
Brett Mandel,,0,0,1,1,0,1,0,0,0,0,0,0,0,0,0,0,0,0,0,0,0,0,0,0,0,0,0,9
Mark Zecca,,,1,0,0,0,0,0,0,0,0,0,0,0,0,0,0,0,0,0,0,0,0,0,0,0,0,0,9
Inja Coates,,,,0,1,1,1,1,1,1,0,0,0,0,0,0,0,0,0,0,0,0,0,0,0,0,0,0,9
Donna Derose,,,,,0,1,1,0,0,0,0,0,0,0,0,0,0,0,0,0,0,0,0,0,0,0,0,0,9
Marnie Aument Loughrey,,,,,,0,0,1,0,0,0,0,0,0,0,0,0,0,0,0,0,0,0,0,0,0,0,0,9
Bobbie T Curry,,,,,,,0,0,0,0,0,0,0,0,0,0,0,0,0,0,0,0,0,0,0,0,0,0,9
David Mamikonyan,,,,,,,,0,0,0,0,0,0,0,0,0,0,0,0,0,0,0,0,0,0,0,0,0,9
Holly A Harris Seidle,,,,,,,,,0,1,0,0,0,0,0,0,0,0,0,0,0,0,0,0,0,0,0,0,9
Robert Tuerk,,,,,,,,,,0,0,0,0,0,0,0,0,0,0,0,0,0,0,0,0,0,0,0,9
Ashley Michelle Cook,,,,,,,,,,,0,0,0,0,0,0,0,0,0,0,0,0,0,0,0,0,0,0,9
Brigitte A Garvin Johnson,,,,,,,,,,,,0,0,0,0,0,0,0,0,0,0,0,0,0,0,0,0,0,9
Bruce H Bailey,,,,,,,,,,,,,0,0,0,0,0,0,0,0,0,0,0,0,0,0,0,0,9
Donna Marie Laws,,,,,,,,,,,,,,0,0,0,0,0,0,0,0,0,0,0,0,0,0,0,9
James Johnson,,,,,,,,,,,,,,,0,0,0,0,0,0,0,0,0,0,0,0,0,0,9
Jose A Figueroa,,,,,,,,,,,,,,,,0,0,0,0,0,0,0,0,0,0,0,0,0,9
Keith Jackson,,,,,,,,,,,,,,,,,0,0,0,0,0,0,0,0,0,0,0,0,9
Kyle J Sampson,,,,,,,,,,,,,,,,,,0,0,0,0,0,0,0,0,0,0,0,9
Lewis Harris Jr,,,,,,,,,,,,,,,,,,,0,0,0,0,0,0,0,0,0,0,9
Omar Sabir,,,,,,,,,,,,,,,,,,,,0,0,0,0,0,0,0,0,0,9
Ryan Mulvey,,,,,,,,,,,,,,,,,,,,,0,0,0,0,0,0,0,0,9
Sharif Ali,,,,,,,,,,,,,,,,,,,,,,0,0,0,0,0,0,0,9
Suzanne Harmon Carn,,,,,,,,,,,,,,,,,,,,,,,0,0,0,0,0,0,9
Tia M Seibert,,,,,,,,,,,,,,,,,,,,,,,,0,0,0,0,0,9
Tyrone T Martin,,,,,,,,,,,,,,,,,,,,,,,,,0,0,0,0,9
Verna Ragan Tennant,,,,,,,,,,,,,,,,,,,,,,,,,,0,0,0,9
Warren Bloom,,,,,,,,,,,,,,,,,,,,,,,,,,,0,0,9
Wayne E Dorsey,,,,,,,,,,,,,,,,,,,,,,,,,,,,0,9
Total,5,1,1,4,2,2,1,1,1,1,0,0,0,0,0,0,0,0,0,0,0,0,0,0,0,0,0,0,9
,Controller - Democrat,,,Judge Of The Traffic Court - Democrat,,,,,,,,,,,,,,,,,,,,,,,,,10
,Alan Butkovitz,Brett Mandel,Mark Zecca,Inja Coates,Omar Sabir,Ashley Michelle Cook,Suzanne Harmon Carn,Brigitte A Garvin Johnson,Donna Marie Laws,Kyle J Sampson,Sharif Ali,Tia M Seibert,Tyrone T Martin,Wayne E Dorsey,Bobbie T Curry,Bruce H Bailey,David Mamikonyan,Donna Derose,Holly A Harris Seidle,James Johnson,Jose A Figueroa,Keith Jackson,Lewis Harris Jr,Marnie Aument Loughrey,Robert Tuerk,Ryan Mulvey,Verna Ragan Tennant,Warren Bloom,10
Alan Butkovitz,4,0,0,4,1,2,2,1,1,1,0,0,0,1,0,0,0,0,0,0,0,0,0,0,0,0,0,0,10
Brett Mandel,,4,0,2,0,0,0,0,0,0,0,1,1,0,0,0,0,0,0,0,0,0,0,0,0,0,0,0,10
Mark Zecca,,,0,0,0,0,0,0,0,0,0,0,0,0,0,0,0,0,0,0,0,0,0,0,0,0,0,0,10
Inja Coates,,,,0,0,0,0,0,0,0,0,0,1,0,0,0,0,0,0,0,0,0,0,0,0,0,0,0,10
Omar Sabir,,,,,1,0,0,0,0,0,1,0,0,0,0,0,0,0,0,0,0,0,0,0,0,0,0,0,10
Ashley Michelle Cook,,,,,,0,2,1,1,0,0,0,0,0,0,0,0,0,0,0,0,0,0,0,0,0,0,0,10
Suzanne Harmon Carn,,,,,,,0,1,1,0,0,0,0,0,0,0,0,0,0,0,0,0,0,0,0,0,0,0,10
Brigitte A Garvin Johnson,,,,,,,,0,0,0,0,0,0,0,0,0,0,0,0,0,0,0,0,0,0,0,0,0,10
Donna Marie Laws,,,,,,,,,0,0,0,0,0,0,0,0,0,0,0,0,0,0,0,0,0,0,0,0,10
Kyle J Sampson,,,,,,,,,,0,0,0,0,1,0,0,0,0,0,0,0,0,0,0,0,0,0,0,10
Sharif Ali,,,,,,,,,,,0,0,0,0,0,0,0,0,0,0,0,0,0,0,0,0,0,0,10
Tia M Seibert,,,,,,,,,,,,0,0,0,0,0,0,0,0,0,0,0,0,0,0,0,0,0,10
Tyrone T Martin,,,,,,,,,,,,,0,0,0,0,0,0,0,0,0,0,0,0,0,0,0,0,10
Wayne E Dorsey,,,,,,,,,,,,,,0,0,0,0,0,0,0,0,0,0,0,0,0,0,0,10
Bobbie T Curry,,,,,,,,,,,,,,,0,0,0,0,0,0,0,0,0,0,0,0,0,0,10
Bruce H Bailey,,,,,,,,,,,,,,,,0,0,0,0,0,0,0,0,0,0,0,0,0,10
David Mamikonyan,,,,,,,,,,,,,,,,,0,0,0,0,0,0,0,0,0,0,0,0,10
Donna Derose,,,,,,,,,,,,,,,,,,0,0,0,0,0,0,0,0,0,0,0,10
Holly A Harris Seidle,,,,,,,,,,,,,,,,,,,0,0,0,0,0,0,0,0,0,0,10
James Johnson,,,,,,,,,,,,,,,,,,,,0,0,0,0,0,0,0,0,0,10
Jose A Figueroa,,,,,,,,,,,,,,,,,,,,,0,0,0,0,0,0,0,0,10
Keith Jackson,,,,,,,,,,,,,,,,,,,,,,0,0,0,0,0,0,0,10
Lewis Harris Jr,,,,,,,,,,,,,,,,,,,,,,,0,0,0,0,0,0,10
Marnie Aument Loughrey,,,,,,,,,,,,,,,,,,,,,,,,0,0,0,0,0,10
Robert Tuerk,,,,,,,,,,,,,,,,,,,,,,,,,0,0,0,0,10
Ryan Mulvey,,,,,,,,,,,,,,,,,,,,,,,,,,0,0,0,10
Verna Ragan Tennant,,,,,,,,,,,,,,,,,,,,,,,,,,,0,0,10
Warren Bloom,,,,,,,,,,,,,,,,,,,,,,,,,,,,0,10
Total,12,7,0,6,3,2,2,1,1,1,1,1,1,1,0,0,0,0,0,0,0,0,0,0,0,0,0,0,10
,Controller - Democrat,,,Judge Of The Traffic Court - Democrat,,,,,,,,,,,,,,,,,,,,,,,,,11
,Alan Butkovitz,Brett Mandel,Mark Zecca,Suzanne Harmon Carn,Tia M Seibert,Warren Bloom,Ashley Michelle Cook,Inja Coates,Lewis Harris Jr,Omar Sabir,Tyrone T Martin,Wayne E Dorsey,Bobbie T Curry,Brigitte A Garvin Johnson,Bruce H Bailey,David Mamikonyan,Donna Derose,Donna Marie Laws,Holly A Harris Seidle,James Johnson,Jose A Figueroa,Keith Jackson,Kyle J Sampson,Marnie Aument Loughrey,Robert Tuerk,Ryan Mulvey,Sharif Ali,Verna Ragan Tennant,11
Alan Butkovitz,0,0,0,1,1,2,0,0,1,0,1,0,0,0,0,0,0,0,0,0,0,0,0,0,0,0,0,0,11
Brett Mandel,,1,0,1,1,0,1,0,0,0,0,0,0,0,0,0,0,0,0,0,0,0,0,0,0,0,0,0,11
Mark Zecca,,,0,0,0,0,0,1,0,1,0,1,0,0,0,0,0,0,0,0,0,0,0,0,0,0,0,0,11
Suzanne Harmon Carn,,,,0,1,1,1,0,0,0,1,0,0,0,0,0,0,0,0,0,0,0,0,0,0,0,0,0,11
Tia M Seibert,,,,,0,1,1,0,1,0,0,0,0,0,0,0,0,0,0,0,0,0,0,0,0,0,0,0,11
Warren Bloom,,,,,,0,0,0,1,0,1,0,0,0,0,0,0,0,0,0,0,0,0,0,0,0,0,0,11
Ashley Michelle Cook,,,,,,,0,0,0,0,0,0,0,0,0,0,0,0,0,0,0,0,0,0,0,0,0,0,11
Inja Coates,,,,,,,,0,0,1,0,1,0,0,0,0,0,0,0,0,0,0,0,0,0,0,0,0,11
Lewis Harris Jr,,,,,,,,,0,0,0,0,0,0,0,0,0,0,0,0,0,0,0,0,0,0,0,0,11
Omar Sabir,,,,,,,,,,0,0,1,0,0,0,0,0,0,0,0,0,0,0,0,0,0,0,0,11
Tyrone T Martin,,,,,,,,,,,0,0,0,0,0,0,0,0,0,0,0,0,0,0,0,0,0,0,11
Wayne E Dorsey,,,,,,,,,,,,0,0,0,0,0,0,0,0,0,0,0,0,0,0,0,0,0,11
Bobbie T Curry,,,,,,,,,,,,,0,0,0,0,0,0,0,0,0,0,0,0,0,0,0,0,11
Brigitte A Garvin Johnson,,,,,,,,,,,,,,0,0,0,0,0,0,0,0,0,0,0,0,0,0,0,11
Bruce H Bailey,,,,,,,,,,,,,,,0,0,0,0,0,0,0,0,0,0,0,0,0,0,11
David Mamikonyan,,,,,,,,,,,,,,,,0,0,0,0,0,0,0,0,0,0,0,0,0,11
Donna Derose,,,,,,,,,,,,,,,,,0,0,0,0,0,0,0,0,0,0,0,0,11
Donna Marie Laws,,,,,,,,,,,,,,,,,,0,0,0,0,0,0,0,0,0,0,0,11
Holly A Harris Seidle,,,,,,,,,,,,,,,,,,,0,0,0,0,0,0,0,0,0,0,11
James Johnson,,,,,,,,,,,,,,,,,,,,0,0,0,0,0,0,0,0,0,11
Jose A Figueroa,,,,,,,,,,,,,,,,,,,,,0,0,0,0,0,0,0,0,11
Keith Jackson,,,,,,,,,,,,,,,,,,,,,,0,0,0,0,0,0,0,11
Kyle J Sampson,,,,,,,,,,,,,,,,,,,,,,,0,0,0,0,0,0,11
Marnie Aument Loughrey,,,,,,,,,,,,,,,,,,,,,,,,0,0,0,0,0,11
Robert Tuerk,,,,,,,,,,,,,,,,,,,,,,,,,0,0,0,0,11
Ryan Mulvey,,,,,,,,,,,,,,,,,,,,,,,,,,0,0,0,11
Sharif Ali,,,,,,,,,,,,,,,,,,,,,,,,,,,0,0,11
Verna Ragan Tennant,,,,,,,,,,,,,,,,,,,,,,,,,,,,0,11
Total,2,2,1,2,2,2,1,1,1,1,1,1,0,0,0,0,0,0,0,0,0,0,0,0,0,0,0,0,11
,Controller - Democrat,,,Judge Of The Traffic Court - Democrat,,,,,,,,,,,,,,,,,,,,,,,,,12
,Brett Mandel,Alan Butkovitz,Mark Zecca,Omar Sabir,Lewis Harris Jr,Suzanne Harmon Carn,Tia M Seibert,Donna Derose,Sharif Ali,Ashley Michelle Cook,Bobbie T Curry,Warren Bloom,Donna Marie Laws,Marnie Aument Loughrey,Wayne E Dorsey,Bruce H Bailey,David Mamikonyan,Tyrone T Martin,Holly A Harris Seidle,Inja Coates,Keith Jackson,Ryan Mulvey,Brigitte A Garvin Johnson,James Johnson,Jose A Figueroa,Kyle J Sampson,Robert Tuerk,Verna Ragan Tennant,12
Brett Mandel,6,0,0,4,2,2,0,2,2,3,1,1,3,1,0,1,1,1,0,1,0,0,0,0,0,0,0,0,12
Alan Butkovitz,,3,0,4,3,1,4,1,2,0,1,2,0,1,0,0,1,1,0,0,0,0,0,0,0,0,0,0,12
Mark Zecca,,,0,2,1,4,3,3,1,1,2,1,0,1,3,0,0,0,1,0,1,1,0,0,0,0,0,0,12
Omar Sabir,,,,1,4,0,1,1,1,1,1,1,1,1,0,2,0,2,1,0,0,0,0,0,0,0,0,0,12
Lewis Harris Jr,,,,,1,2,2,0,1,0,1,1,0,0,0,2,0,0,1,0,0,0,0,0,0,0,0,0,12
Suzanne Harmon Carn,,,,,,0,2,3,1,0,2,0,0,0,3,0,0,0,0,1,0,0,0,0,0,0,0,0,12
Tia M Seibert,,,,,,,0,0,1,0,2,2,0,0,0,0,0,1,0,0,0,1,0,0,0,0,0,0,12
Donna Derose,,,,,,,,0,0,1,0,0,1,2,3,0,0,0,0,0,0,0,0,0,0,0,0,0,12
Sharif Ali,,,,,,,,,0,1,0,0,1,0,0,0,0,0,0,1,0,1,0,0,0,0,0,0,12
Ashley Michelle Cook,,,,,,,,,,0,0,0,2,1,0,0,0,1,0,0,1,0,0,0,0,0,0,0,12
Bobbie T Curry,,,,,,,,,,,0,2,0,0,0,0,0,0,0,0,0,0,0,0,0,0,0,0,12
Warren Bloom,,,,,,,,,,,,0,0,0,0,0,0,0,0,0,0,0,0,0,0,0,0,0,12
Donna Marie Laws,,,,,,,,,,,,,0,0,0,0,0,0,0,0,0,0,0,0,0,0,0,0,12
Marnie Aument Loughrey,,,,,,,,,,,,,,0,0,0,0,0,0,0,1,0,0,0,0,0,0,0,12
Wayne E Dorsey,,,,,,,,,,,,,,,0,0,0,0,0,0,0,0,0,0,0,0,0,0,12
Bruce H Bailey,,,,,,,,,,,,,,,,0,0,0,0,0,0,0,0,0,0,0,0,0,12
David Mamikonyan,,,,,,,,,,,,,,,,,0,0,0,0,0,0,0,0,0,0,0,0,12
Tyrone T Martin,,,,,,,,,,,,,,,,,,0,0,0,0,0,0,0,0,0,0,0,12
Holly A Harris Seidle,,,,,,,,,,,,,,,,,,,0,0,0,0,0,0,0,0,0,0,12
Inja Coates,,,,,,,,,,,,,,,,,,,,0,0,0,0,0,0,0,0,0,12
Keith Jackson,,,,,,,,,,,,,,,,,,,,,0,0,0,0,0,0,0,0,12
Ryan Mulvey,,,,,,,,,,,,,,,,,,,,,,0,0,0,0,0,0,0,12
Brigitte A Garvin Johnson,,,,,,,,,,,,,,,,,,,,,,,0,0,0,0,0,0,12
James Johnson,,,,,,,,,,,,,,,,,,,,,,,,0,0,0,0,0,12
Jose A Figueroa,,,,,,,,,,,,,,,,,,,,,,,,,0,0,0,0,12
Kyle J Sampson,,,,,,,,,,,,,,,,,,,,,,,,,,0,0,0,12
Robert Tuerk,,,,,,,,,,,,,,,,,,,,,,,,,,,0,0,12
Verna Ragan Tennant,,,,,,,,,,,,,,,,,,,,,,,,,,,,0,12
Total,17,12,9,12,8,7,7,6,5,4,4,4,3,3,3,2,2,2,1,1,1,1,0,0,0,0,0,0,12
,Controller - Democrat,,,Judge Of The Traffic Court - Democrat,,,,,,,,,,,,,,,,,,,,,,,,,13
,Brett Mandel,Alan Butkovitz,Mark Zecca,Inja Coates,Tia M Seibert,Donna Marie Laws,Omar Sabir,Sharif Ali,Suzanne Harmon Carn,Warren Bloom,Bobbie T Curry,David Mamikonyan,Donna Derose,Holly A Harris Seidle,Jose A Figueroa,Lewis Harris Jr,Ashley Michelle Cook,Brigitte A Garvin Johnson,Bruce H Bailey,James Johnson,Keith Jackson,Kyle J Sampson,Marnie Aument Loughrey,Robert Tuerk,Ryan Mulvey,Tyrone T Martin,Verna Ragan Tennant,Wayne E Dorsey,13
Brett Mandel,3,0,0,2,1,1,0,1,2,0,0,0,0,1,0,0,0,0,0,0,0,0,0,0,0,0,0,0,13
Alan Butkovitz,,1,0,3,2,1,2,1,0,2,1,1,1,0,1,1,0,0,0,0,0,0,0,0,0,0,0,0,13
Mark Zecca,,,0,0,0,0,0,0,0,0,0,0,0,0,0,0,0,0,0,0,0,0,0,0,0,0,0,0,13
Inja Coates,,,,0,0,1,1,1,0,0,0,1,1,0,1,0,0,0,0,0,0,0,0,0,0,0,0,0,13
Tia M Seibert,,,,,0,1,1,0,1,1,1,0,0,0,0,1,0,0,0,0,0,0,0,0,0,0,0,0,13
Donna Marie Laws,,,,,,0,0,0,1,0,0,0,1,0,0,0,0,0,0,0,0,0,0,0,0,0,0,0,13
Omar Sabir,,,,,,,0,0,0,0,1,1,0,0,0,0,0,0,0,0,0,0,0,0,0,0,0,0,13
Sharif Ali,,,,,,,,0,0,0,0,0,0,0,1,0,0,0,0,0,0,0,0,0,0,0,0,0,13
Suzanne Harmon Carn,,,,,,,,,0,0,0,0,0,1,0,0,0,0,0,0,0,0,0,0,0,0,0,0,13
Warren Bloom,,,,,,,,,,0,0,0,0,0,0,1,0,0,0,0,0,0,0,0,0,0,0,0,13
Bobbie T Curry,,,,,,,,,,,0,0,0,0,0,0,0,0,0,0,0,0,0,0,0,0,0,0,13
David Mamikonyan,,,,,,,,,,,,0,0,0,0,0,0,0,0,0,0,0,0,0,0,0,0,0,13
Donna Derose,,,,,,,,,,,,,0,0,0,0,0,0,0,0,0,0,0,0,0,0,0,0,13
Holly A Harris Seidle,,,,,,,,,,,,,,0,0,0,0,0,0,0,0,0,0,0,0,0,0,0,13
Jose A Figueroa,,,,,,,,,,,,,,,0,0,0,0,0,0,0,0,0,0,0,0,0,0,13
Lewis Harris Jr,,,,,,,,,,,,,,,,0,0,0,0,0,0,0,0,0,0,0,0,0,13
Ashley Michelle Cook,,,,,,,,,,,,,,,,,0,0,0,0,0,0,0,0,0,0,0,0,13
Brigitte A Garvin Johnson,,,,,,,,,,,,,,,,,,0,0,0,0,0,0,0,0,0,0,0,13
Bruce H Bailey,,,,,,,,,,,,,,,,,,,0,0,0,0,0,0,0,0,0,0,13
James Johnson,,,,,,,,,,,,,,,,,,,,0,0,0,0,0,0,0,0,0,13
Keith Jackson,,,,,,,,,,,,,,,,,,,,,0,0,0,0,0,0,0,0,13
Kyle J Sampson,,,,,,,,,,,,,,,,,,,,,,0,0,0,0,0,0,0,13
Marnie Aument Loughrey,,,,,,,,,,,,,,,,,,,,,,,0,0,0,0,0,0,13
Robert Tuerk,,,,,,,,,,,,,,,,,,,,,,,,0,0,0,0,0,13
Ryan Mulvey,,,,,,,,,,,,,,,,,,,,,,,,,0,0,0,0,13
Tyrone T Martin,,,,,,,,,,,,,,,,,,,,,,,,,,0,0,0,13
Verna Ragan Tennant,,,,,,,,,,,,,,,,,,,,,,,,,,,0,0,13
Wayne E Dorsey,,,,,,,,,,,,,,,,,,,,,,,,,,,,0,13
Total,8,7,0,5,3,2,2,2,2,2,1,1,1,1,1,1,0,0,0,0,0,0,0,0,0,0,0,0,13
,Controller - Democrat,,,Judge Of The Traffic Court - Democrat,,,,,,,,,,,,,,,,,,,,,,,,,14
,Brett Mandel,Alan Butkovitz,Mark Zecca,Inja Coates,Omar Sabir,Robert Tuerk,Suzanne Harmon Carn,David Mamikonyan,Sharif Ali,Tyrone T Martin,Brigitte A Garvin Johnson,Donna Derose,Lewis Harris Jr,Tia M Seibert,Warren Bloom,Ashley Michelle Cook,Bruce H Bailey,Holly A Harris Seidle,Jose A Figueroa,Keith Jackson,Bobbie T Curry,Donna Marie Laws,James Johnson,Kyle J Sampson,Marnie Aument Loughrey,Ryan Mulvey,Verna Ragan Tennant,Wayne E Dorsey,14
Brett Mandel,5,0,0,2,0,0,0,1,0,2,2,1,0,1,0,0,1,1,1,0,0,0,0,0,0,0,0,0,14
Alan Butkovitz,,2,0,3,1,2,2,1,1,1,0,0,1,1,2,0,0,0,0,0,0,0,0,0,0,0,0,0,14
Mark Zecca,,,2,2,1,2,2,1,0,0,0,1,1,0,0,1,0,0,0,1,0,0,0,0,0,0,0,0,14
Inja Coates,,,,0,0,3,0,1,0,1,0,0,0,0,0,0,0,0,1,0,0,0,0,0,0,0,0,0,14
Omar Sabir,,,,,1,0,0,1,3,0,0,1,0,0,0,0,0,0,0,1,0,0,0,0,0,0,0,0,14
Robert Tuerk,,,,,,0,1,0,0,1,0,0,0,0,0,1,0,0,0,0,0,0,0,0,0,0,0,0,14
Suzanne Harmon Carn,,,,,,,0,0,0,0,0,0,2,1,2,1,0,0,0,0,0,0,0,0,0,0,0,0,14
David Mamikonyan,,,,,,,,0,1,0,0,0,0,0,0,0,0,0,1,0,0,0,0,0,0,0,0,0,14
Sharif Ali,,,,,,,,,0,0,0,0,0,0,0,0,0,0,0,0,0,0,0,0,0,0,0,0,14
Tyrone T Martin,,,,,,,,,,0,0,0,0,0,0,0,0,0,0,0,0,0,0,0,0,0,0,0,14
Brigitte A Garvin Johnson,,,,,,,,,,,0,1,0,0,0,0,0,1,0,0,0,0,0,0,0,0,0,0,14
Donna Derose,,,,,,,,,,,,0,0,0,0,0,0,1,0,1,0,0,0,0,0,0,0,0,14
Lewis Harris Jr,,,,,,,,,,,,,0,0,1,0,0,0,0,0,0,0,0,0,0,0,0,0,14
Tia M Seibert,,,,,,,,,,,,,,0,1,0,0,0,0,0,0,0,0,0,0,0,0,0,14
Warren Bloom,,,,,,,,,,,,,,,0,0,0,0,0,0,0,0,0,0,0,0,0,0,14
Ashley Michelle Cook,,,,,,,,,,,,,,,,0,0,0,0,0,0,0,0,0,0,0,0,0,14
Bruce H Bailey,,,,,,,,,,,,,,,,,0,0,0,0,0,0,0,0,0,0,0,0,14
Holly A Harris Seidle,,,,,,,,,,,,,,,,,,0,0,0,0,0,0,0,0,0,0,0,14
Jose A Figueroa,,,,,,,,,,,,,,,,,,,0,0,0,0,0,0,0,0,0,0,14
Keith Jackson,,,,,,,,,,,,,,,,,,,,0,0,0,0,0,0,0,0,0,14
Bobbie T Curry,,,,,,,,,,,,,,,,,,,,,0,0,0,0,0,0,0,0,14
Donna Marie Laws,,,,,,,,,,,,,,,,,,,,,,0,0,0,0,0,0,0,14
James Johnson,,,,,,,,,,,,,,,,,,,,,,,0,0,0,0,0,0,14
Kyle J Sampson,,,,,,,,,,,,,,,,,,,,,,,,0,0,0,0,0,14
Marnie Aument Loughrey,,,,,,,,,,,,,,,,,,,,,,,,,0,0,0,0,14
Ryan Mulvey,,,,,,,,,,,,,,,,,,,,,,,,,,0,0,0,14
Verna Ragan Tennant,,,,,,,,,,,,,,,,,,,,,,,,,,,0,0,14
Wayne E Dorsey,,,,,,,,,,,,,,,,,,,,,,,,,,,,0,14
Total,13,9,8,8,5,5,4,3,3,3,2,2,2,2,2,1,1,1,1,1,0,0,0,0,0,0,0,0,14
,Controller - Democrat,,,Judge Of The Traffic Court - Democrat,,,,,,,,,,,,,,,,,,,,,,,,,15
,Alan Butkovitz,Brett Mandel,Mark Zecca,Omar Sabir,Donna Marie Laws,Warren Bloom,Lewis Harris Jr,Suzanne Harmon Carn,Ashley Michelle Cook,Sharif Ali,Tia M Seibert,Donna Derose,Inja Coates,Marnie Aument Loughrey,James Johnson,David Mamikonyan,Brigitte A Garvin Johnson,Jose A Figueroa,Keith Jackson,Robert Tuerk,Wayne E Dorsey,Bobbie T Curry,Holly A Harris Seidle,Tyrone T Martin,Bruce H Bailey,Kyle J Sampson,Ryan Mulvey,Verna Ragan Tennant,15
Alan Butkovitz,10,0,0,9,6,6,4,3,4,6,4,6,4,5,2,1,2,1,1,0,2,0,0,0,0,0,0,0,15
Brett Mandel,,0,0,1,2,0,0,3,1,1,1,0,2,1,0,2,0,1,0,2,0,1,1,1,0,0,0,0,15
Mark Zecca,,,0,0,1,1,1,1,0,0,0,0,0,0,1,0,0,0,1,0,0,0,0,0,0,0,0,0,15
Omar Sabir,,,,0,0,1,1,1,1,2,1,0,0,3,0,0,0,0,0,0,1,1,0,0,0,0,0,0,15
Donna Marie Laws,,,,,0,1,0,1,2,3,0,2,3,0,1,0,1,1,1,1,0,0,0,0,0,0,0,0,15
Warren Bloom,,,,,,0,4,2,2,1,4,1,0,1,0,0,0,0,0,0,0,0,0,0,0,0,0,0,15
Lewis Harris Jr,,,,,,,1,2,1,0,4,0,0,0,1,1,0,0,0,0,0,0,0,0,0,0,0,0,15
Suzanne Harmon Carn,,,,,,,,0,1,0,2,0,0,0,0,2,1,0,0,0,0,1,0,0,0,0,0,0,15
Ashley Michelle Cook,,,,,,,,,1,2,0,0,0,0,1,0,1,0,0,0,1,0,0,0,0,0,0,0,15
Sharif Ali,,,,,,,,,,0,0,1,1,1,1,0,1,0,0,0,0,0,0,0,0,0,0,0,15
Tia M Seibert,,,,,,,,,,,0,0,0,0,0,1,0,0,0,0,0,0,0,0,0,0,0,0,15
Donna Derose,,,,,,,,,,,,0,3,2,1,0,0,0,0,0,1,0,0,0,0,0,0,0,15
Inja Coates,,,,,,,,,,,,,0,0,0,0,0,0,0,1,1,0,1,0,0,0,0,0,15
Marnie Aument Loughrey,,,,,,,,,,,,,,0,0,1,0,0,0,0,0,0,0,1,0,0,0,0,15
James Johnson,,,,,,,,,,,,,,,0,0,0,1,2,0,0,0,0,0,0,0,0,0,15
David Mamikonyan,,,,,,,,,,,,,,,,0,0,0,0,0,0,0,0,1,0,0,0,0,15
Brigitte A Garvin Johnson,,,,,,,,,,,,,,,,,0,0,0,0,0,0,0,0,0,0,0,0,15
Jose A Figueroa,,,,,,,,,,,,,,,,,,0,1,1,0,0,0,0,0,0,0,0,15
Keith Jackson,,,,,,,,,,,,,,,,,,,0,0,0,0,0,0,0,0,0,0,15
Robert Tuerk,,,,,,,,,,,,,,,,,,,,0,0,0,1,0,0,0,0,0,15
Wayne E Dorsey,,,,,,,,,,,,,,,,,,,,,0,0,0,0,0,0,0,0,15
Bobbie T Curry,,,,,,,,,,,,,,,,,,,,,,0,0,0,0,0,0,0,15
Holly A Harris Seidle,,,,,,,,,,,,,,,,,,,,,,,0,0,0,0,0,0,15
Tyrone T Martin,,,,,,,,,,,,,,,,,,,,,,,,0,0,0,0,0,15
Bruce H Bailey,,,,,,,,,,,,,,,,,,,,,,,,,0,0,0,0,15
Kyle J Sampson,,,,,,,,,,,,,,,,,,,,,,,,,,0,0,0,15
Ryan Mulvey,,,,,,,,,,,,,,,,,,,,,,,,,,,0,0,15
Verna Ragan Tennant,,,,,,,,,,,,,,,,,,,,,,,,,,,,0,15
Total,36,8,2,10,9,9,8,8,7,7,7,6,6,6,4,3,2,2,2,2,2,1,1,1,0,0,0,0,15
,Controller - Democrat,,,Judge Of The Traffic Court - Democrat,,,,,,,,,,,,,,,,,,,,,,,,,16
,Alan Butkovitz,Mark Zecca,Brett Mandel,Omar Sabir,Suzanne Harmon Carn,Ashley Michelle Cook,Lewis Harris Jr,Bruce H Bailey,Donna Derose,Inja Coates,James Johnson,Jose A Figueroa,Marnie Aument Loughrey,Tyrone T Martin,Bobbie T Curry,Donna Marie Laws,Tia M Seibert,Warren Bloom,Wayne E Dorsey,Brigitte A Garvin Johnson,David Mamikonyan,Keith Jackson,Kyle J Sampson,Sharif Ali,Holly A Harris Seidle,Robert Tuerk,Ryan Mulvey,Verna Ragan Tennant,16
Alan Butkovitz,9,0,0,6,5,3,3,3,3,1,2,3,2,3,1,2,1,2,1,1,1,0,1,1,0,0,0,0,16
Mark Zecca,,0,0,2,0,0,1,0,0,1,1,0,0,0,1,0,1,0,1,0,0,1,0,0,0,0,0,0,16
Brett Mandel,,,0,0,0,0,0,0,0,1,0,0,0,0,0,0,0,0,0,0,0,0,0,0,0,0,0,0,16
Omar Sabir,,,,2,0,1,1,1,0,1,1,1,2,0,1,0,0,1,0,0,0,0,1,0,0,0,0,0,16
Suzanne Harmon Carn,,,,,0,1,3,1,0,0,0,0,0,1,0,2,1,0,0,0,1,0,0,0,0,0,0,0,16
Ashley Michelle Cook,,,,,,0,1,0,0,0,0,0,1,0,0,0,0,0,0,1,0,0,0,1,0,0,0,0,16
Lewis Harris Jr,,,,,,,0,0,0,1,0,0,0,0,0,0,1,0,0,0,1,0,0,0,0,0,0,0,16
Bruce H Bailey,,,,,,,,0,0,0,0,1,0,0,1,1,0,1,0,0,0,0,0,0,0,0,0,0,16
Donna Derose,,,,,,,,,0,0,0,0,1,0,0,0,0,0,0,0,0,0,0,0,0,0,0,0,16
Inja Coates,,,,,,,,,,0,0,0,0,1,0,0,0,0,1,0,0,0,0,0,0,0,0,0,16
James Johnson,,,,,,,,,,,0,1,0,1,0,0,0,1,1,0,0,1,0,0,0,0,0,0,16
Jose A Figueroa,,,,,,,,,,,,0,0,1,0,0,0,1,0,0,0,0,1,0,0,0,0,0,16
Marnie Aument Loughrey,,,,,,,,,,,,,0,0,0,0,0,0,0,0,0,0,0,0,0,0,0,0,16
Tyrone T Martin,,,,,,,,,,,,,,0,0,1,0,0,1,0,0,0,0,0,0,0,0,0,16
Bobbie T Curry,,,,,,,,,,,,,,,0,0,0,0,0,0,0,0,0,0,0,0,0,0,16
Donna Marie Laws,,,,,,,,,,,,,,,,0,0,0,0,0,0,0,0,0,0,0,0,0,16
Tia M Seibert,,,,,,,,,,,,,,,,,0,0,0,0,0,0,0,0,0,0,0,0,16
Warren Bloom,,,,,,,,,,,,,,,,,,0,0,0,0,0,0,0,0,0,0,0,16
Wayne E Dorsey,,,,,,,,,,,,,,,,,,,0,0,0,1,0,0,0,0,0,0,16
Brigitte A Garvin Johnson,,,,,,,,,,,,,,,,,,,,0,0,0,0,1,0,0,0,0,16
David Mamikonyan,,,,,,,,,,,,,,,,,,,,,0,0,0,0,0,0,0,0,16
Keith Jackson,,,,,,,,,,,,,,,,,,,,,,0,0,0,0,0,0,0,16
Kyle J Sampson,,,,,,,,,,,,,,,,,,,,,,,0,0,0,0,0,0,16
Sharif Ali,,,,,,,,,,,,,,,,,,,,,,,,0,0,0,0,0,16
Holly A Harris Seidle,,,,,,,,,,,,,,,,,,,,,,,,,0,0,0,0,16
Robert Tuerk,,,,,,,,,,,,,,,,,,,,,,,,,,0,0,0,16
Ryan Mulvey,,,,,,,,,,,,,,,,,,,,,,,,,,,0,0,16
Verna Ragan Tennant,,,,,,,,,,,,,,,,,,,,,,,,,,,,0,16
Total,28,5,1,11,5,4,4,3,3,3,3,3,3,3,2,2,2,2,2,1,1,1,1,1,0,0,0,0,16
,Judge Of The Traffic Court - Democrat,,,,,,,,,,,,,,,,,,,,,,,,,Controller - Democrat,,,17
,Brigitte A Garvin Johnson,Omar Sabir,Inja Coates,Lewis Harris Jr,Bobbie T Curry,Sharif Ali,Bruce H Bailey,Donna Marie Laws,Warren Bloom,Ashley Michelle Cook,David Mamikonyan,Donna Derose,James Johnson,Marnie Aument Loughrey,Robert Tuerk,Suzanne Harmon Carn,Tia M Seibert,Tyrone T Martin,Holly A Harris Seidle,Jose A Figueroa,Keith Jackson,Kyle J Sampson,Ryan Mulvey,Verna Ragan Tennant,Wayne E Dorsey,Alan Butkovitz,Brett Mandel,Mark Zecca,17
Brigitte A Garvin Johnson,9,3,4,2,2,0,1,1,1,1,0,0,1,1,0,0,0,0,0,0,0,0,0,0,0,20,5,2,17
Omar Sabir,,0,1,2,0,2,0,0,0,0,0,0,0,1,0,0,0,0,0,0,0,0,0,0,0,4,0,1,17
Inja Coates,,,0,0,0,0,0,0,0,0,0,1,0,0,1,0,0,0,0,0,0,0,0,0,0,4,0,0,17
Lewis Harris Jr,,,,0,1,2,0,0,1,1,0,0,0,0,0,1,0,0,0,0,0,0,0,0,0,3,1,1,17
Bobbie T Curry,,,,,0,0,1,0,0,0,1,0,0,0,0,0,1,0,0,0,0,0,0,0,0,0,0,2,17
Sharif Ali,,,,,,0,1,0,0,0,0,0,0,0,0,0,0,1,0,0,0,0,0,0,0,2,1,0,17
Bruce H Bailey,,,,,,,0,0,0,0,0,0,0,0,0,0,0,1,0,0,0,0,0,0,0,0,1,0,17
Donna Marie Laws,,,,,,,,0,0,0,0,0,0,0,0,0,0,0,0,0,0,0,0,0,0,2,0,0,17
Warren Bloom,,,,,,,,,0,0,0,0,0,0,0,1,0,0,0,0,0,0,0,0,0,2,0,0,17
Ashley Michelle Cook,,,,,,,,,,0,0,0,0,0,0,0,0,0,0,0,0,0,0,0,0,0,1,0,17
David Mamikonyan,,,,,,,,,,,0,0,0,0,0,0,1,0,0,0,0,0,0,0,0,0,0,1,17
Donna Derose,,,,,,,,,,,,0,0,0,1,0,0,0,0,0,0,0,0,0,0,1,0,0,17
James Johnson,,,,,,,,,,,,,0,0,0,0,0,0,0,0,0,0,0,0,0,0,1,0,17
Marnie Aument Loughrey,,,,,,,,,,,,,,0,0,0,0,0,0,0,0,0,0,0,0,1,0,0,17
Robert Tuerk,,,,,,,,,,,,,,,0,0,0,0,0,0,0,0,0,0,0,1,0,0,17
Suzanne Harmon Carn,,,,,,,,,,,,,,,,0,0,0,0,0,0,0,0,0,0,1,0,0,17
Tia M Seibert,,,,,,,,,,,,,,,,,0,0,0,0,0,0,0,0,0,0,0,1,17
Tyrone T Martin,,,,,,,,,,,,,,,,,,0,0,0,0,0,0,0,0,0,1,0,17
Holly A Harris Seidle,,,,,,,,,,,,,,,,,,,0,0,0,0,0,0,0,0,0,0,17
Jose A Figueroa,,,,,,,,,,,,,,,,,,,,0,0,0,0,0,0,0,0,0,17
Keith Jackson,,,,,,,,,,,,,,,,,,,,,0,0,0,0,0,0,0,0,17
Kyle J Sampson,,,,,,,,,,,,,,,,,,,,,,0,0,0,0,0,0,0,17
Ryan Mulvey,,,,,,,,,,,,,,,,,,,,,,,0,0,0,0,0,0,17
Verna Ragan Tennant,,,,,,,,,,,,,,,,,,,,,,,,0,0,0,0,0,17
Wayne E Dorsey,,,,,,,,,,,,,,,,,,,,,,,,,0,0,0,0,17
Alan Butkovitz,,,,,,,,,,,,,,,,,,,,,,,,,,4,0,0,17
Brett Mandel,,,,,,,,,,,,,,,,,,,,,,,,,,,1,0,17
Mark Zecca,,,,,,,,,,,,,,,,,,,,,,,,,,,,0,17
Total,39,6,5,5,3,3,2,2,2,1,1,1,1,1,1,1,1,1,0,0,0,0,0,0,0,29,7,4,17
,Controller - Democrat,,,Judge Of The Traffic Court - Democrat,,,,,,,,,,,,,,,,,,,,,,,,,18
,Brett Mandel,Alan Butkovitz,Mark Zecca,Donna Marie Laws,Marnie Aument Loughrey,Tia M Seibert,Warren Bloom,Ashley Michelle Cook,Bobbie T Curry,Brigitte A Garvin Johnson,Bruce H Bailey,David Mamikonyan,Donna Derose,Holly A Harris Seidle,Inja Coates,James Johnson,Jose A Figueroa,Keith Jackson,Kyle J Sampson,Lewis Harris Jr,Omar Sabir,Robert Tuerk,Ryan Mulvey,Sharif Ali,Suzanne Harmon Carn,Tyrone T Martin,Verna Ragan Tennant,Wayne E Dorsey,18
Brett Mandel,2,0,0,1,1,1,1,0,0,0,0,0,0,0,0,0,0,0,0,0,0,0,0,0,0,0,0,0,18
Alan Butkovitz,,0,0,0,0,0,0,0,0,0,0,0,0,0,0,0,0,0,0,0,0,0,0,0,0,0,0,0,18
Mark Zecca,,,0,0,0,0,0,0,0,0,0,0,0,0,0,0,0,0,0,0,0,0,0,0,0,0,0,0,18
Donna Marie Laws,,,,0,1,1,0,0,0,0,0,0,0,0,0,0,0,0,0,0,0,0,0,0,0,0,0,0,18
Marnie Aument Loughrey,,,,,0,1,0,0,0,0,0,0,0,0,0,0,0,0,0,0,0,0,0,0,0,0,0,0,18
Tia M Seibert,,,,,,0,0,0,0,0,0,0,0,0,0,0,0,0,0,0,0,0,0,0,0,0,0,0,18
Warren Bloom,,,,,,,0,0,0,0,0,0,0,0,0,0,0,0,0,0,0,0,0,0,0,0,0,0,18
Ashley Michelle Cook,,,,,,,,0,0,0,0,0,0,0,0,0,0,0,0,0,0,0,0,0,0,0,0,0,18
Bobbie T Curry,,,,,,,,,0,0,0,0,0,0,0,0,0,0,0,0,0,0,0,0,0,0,0,0,18
Brigitte A Garvin Johnson,,,,,,,,,,0,0,0,0,0,0,0,0,0,0,0,0,0,0,0,0,0,0,0,18
Bruce H Bailey,,,,,,,,,,,0,0,0,0,0,0,0,0,0,0,0,0,0,0,0,0,0,0,18
David Mamikonyan,,,,,,,,,,,,0,0,0,0,0,0,0,0,0,0,0,0,0,0,0,0,0,18
Donna Derose,,,,,,,,,,,,,0,0,0,0,0,0,0,0,0,0,0,0,0,0,0,0,18
Holly A Harris Seidle,,,,,,,,,,,,,,0,0,0,0,0,0,0,0,0,0,0,0,0,0,0,18
Inja Coates,,,,,,,,,,,,,,,0,0,0,0,0,0,0,0,0,0,0,0,0,0,18
James Johnson,,,,,,,,,,,,,,,,0,0,0,0,0,0,0,0,0,0,0,0,0,18
Jose A Figueroa,,,,,,,,,,,,,,,,,0,0,0,0,0,0,0,0,0,0,0,0,18
Keith Jackson,,,,,,,,,,,,,,,,,,0,0,0,0,0,0,0,0,0,0,0,18
Kyle J Sampson,,,,,,,,,,,,,,,,,,,0,0,0,0,0,0,0,0,0,0,18
Lewis Harris Jr,,,,,,,,,,,,,,,,,,,,0,0,0,0,0,0,0,0,0,18
Omar Sabir,,,,,,,,,,,,,,,,,,,,,0,0,0,0,0,0,0,0,18
Robert Tuerk,,,,,,,,,,,,,,,,,,,,,,0,0,0,0,0,0,0,18
Ryan Mulvey,,,,,,,,,,,,,,,,,,,,,,,0,0,0,0,0,0,18
Sharif Ali,,,,,,,,,,,,,,,,,,,,,,,,0,0,0,0,0,18
Suzanne Harmon Carn,,,,,,,,,,,,,,,,,,,,,,,,,0,0,0,0,18
Tyrone T Martin,,,,,,,,,,,,,,,,,,,,,,,,,,0,0,0,18
Verna Ragan Tennant,,,,,,,,,,,,,,,,,,,,,,,,,,,0,0,18
Wayne E Dorsey,,,,,,,,,,,,,,,,,,,,,,,,,,,,0,18
Total,4,0,0,1,1,1,1,0,0,0,0,0,0,0,0,0,0,0,0,0,0,0,0,0,0,0,0,0,18
,Controller - Democrat,,,Judge Of The Traffic Court - Democrat,,,,,,,,,,,,,,,,,,,,,,,,,19
,Alan Butkovitz,Brett Mandel,Mark Zecca,Inja Coates,Holly A Harris Seidle,Jose A Figueroa,Tia M Seibert,Warren Bloom,Wayne E Dorsey,Ashley Michelle Cook,Bobbie T Curry,Brigitte A Garvin Johnson,Bruce H Bailey,David Mamikonyan,Donna Derose,Donna Marie Laws,James Johnson,Keith Jackson,Kyle J Sampson,Lewis Harris Jr,Marnie Aument Loughrey,Omar Sabir,Robert Tuerk,Ryan Mulvey,Sharif Ali,Suzanne Harmon Carn,Tyrone T Martin,Verna Ragan Tennant,19
Alan Butkovitz,0,0,0,0,0,1,1,0,1,0,0,0,0,0,0,0,0,0,0,0,0,0,0,0,0,0,0,0,19
Brett Mandel,,0,0,1,0,0,0,0,0,0,0,0,0,0,0,0,0,0,0,0,0,0,0,0,0,0,0,0,19
Mark Zecca,,,0,1,1,0,0,1,0,0,0,0,0,0,0,0,0,0,0,0,0,0,0,0,0,0,0,0,19
Inja Coates,,,,0,1,0,0,1,0,0,0,0,0,0,0,0,0,0,0,0,0,0,0,0,0,0,0,0,19
Holly A Harris Seidle,,,,,0,0,0,1,0,0,0,0,0,0,0,0,0,0,0,0,0,0,0,0,0,0,0,0,19
Jose A Figueroa,,,,,,0,0,0,0,0,0,0,0,0,0,0,0,0,0,0,0,0,0,0,0,0,0,0,19
Tia M Seibert,,,,,,,0,0,1,0,0,0,0,0,0,0,0,0,0,0,0,0,0,0,0,0,0,0,19
Warren Bloom,,,,,,,,0,0,0,0,0,0,0,0,0,0,0,0,0,0,0,0,0,0,0,0,0,19
Wayne E Dorsey,,,,,,,,,0,0,0,0,0,0,0,0,0,0,0,0,0,0,0,0,0,0,0,0,19
Ashley Michelle Cook,,,,,,,,,,0,0,0,0,0,0,0,0,0,0,0,0,0,0,0,0,0,0,0,19
Bobbie T Curry,,,,,,,,,,,0,0,0,0,0,0,0,0,0,0,0,0,0,0,0,0,0,0,19
Brigitte A Garvin Johnson,,,,,,,,,,,,0,0,0,0,0,0,0,0,0,0,0,0,0,0,0,0,0,19
Bruce H Bailey,,,,,,,,,,,,,0,0,0,0,0,0,0,0,0,0,0,0,0,0,0,0,19
David Mamikonyan,,,,,,,,,,,,,,0,0,0,0,0,0,0,0,0,0,0,0,0,0,0,19
Donna Derose,,,,,,,,,,,,,,,0,0,0,0,0,0,0,0,0,0,0,0,0,0,19
Donna Marie Laws,,,,,,,,,,,,,,,,0,0,0,0,0,0,0,0,0,0,0,0,0,19
James Johnson,,,,,,,,,,,,,,,,,0,0,0,0,0,0,0,0,0,0,0,0,19
Keith Jackson,,,,,,,,,,,,,,,,,,0,0,0,0,0,0,0,0,0,0,0,19
Kyle J Sampson,,,,,,,,,,,,,,,,,,,0,0,0,0,0,0,0,0,0,0,19
Lewis Harris Jr,,,,,,,,,,,,,,,,,,,,0,0,0,0,0,0,0,0,0,19
Marnie Aument Loughrey,,,,,,,,,,,,,,,,,,,,,0,0,0,0,0,0,0,0,19
Omar Sabir,,,,,,,,,,,,,,,,,,,,,,0,0,0,0,0,0,0,19
Robert Tuerk,,,,,,,,,,,,,,,,,,,,,,,0,0,0,0,0,0,19
Ryan Mulvey,,,,,,,,,,,,,,,,,,,,,,,,0,0,0,0,0,19
Sharif Ali,,,,,,,,,,,,,,,,,,,,,,,,,0,0,0,0,19
Suzanne Harmon Carn,,,,,,,,,,,,,,,,,,,,,,,,,,0,0,0,19
Tyrone T Martin,,,,,,,,,,,,,,,,,,,,,,,,,,,0,0,19
Verna Ragan Tennant,,,,,,,,,,,,,,,,,,,,,,,,,,,,0,19
Total,2,1,1,2,1,1,1,1,1,0,0,0,0,0,0,0,0,0,0,0,0,0,0,0,0,0,0,0,19
,Controller - Democrat,,,Judge Of The Traffic Court - Democrat,,,,,,,,,,,,,,,,,,,,,,,,,20
,Alan Butkovitz,Brett Mandel,Mark Zecca,David Mamikonyan,Donna Derose,Robert Tuerk,Ryan Mulvey,Suzanne Harmon Carn,Tia M Seibert,Warren Bloom,Ashley Michelle Cook,Bobbie T Curry,Brigitte A Garvin Johnson,Bruce H Bailey,Donna Marie Laws,Holly A Harris Seidle,Inja Coates,James Johnson,Jose A Figueroa,Keith Jackson,Kyle J Sampson,Lewis Harris Jr,Marnie Aument Loughrey,Omar Sabir,Sharif Ali,Tyrone T Martin,Verna Ragan Tennant,Wayne E Dorsey,20
Alan Butkovitz,0,0,0,1,0,1,1,0,1,0,0,0,0,0,0,0,0,0,0,0,0,0,0,0,0,0,0,0,20
Brett Mandel,,1,0,0,1,0,0,1,0,1,0,0,0,0,0,0,0,0,0,0,0,0,0,0,0,0,0,0,20
Mark Zecca,,,0,0,0,0,0,0,0,0,0,0,0,0,0,0,0,0,0,0,0,0,0,0,0,0,0,0,20
David Mamikonyan,,,,0,0,0,1,0,1,0,0,0,0,0,0,0,0,0,0,0,0,0,0,0,0,0,0,0,20
Donna Derose,,,,,0,0,0,1,0,1,0,0,0,0,0,0,0,0,0,0,0,0,0,0,0,0,0,0,20
Robert Tuerk,,,,,,0,0,0,0,0,0,0,0,0,0,0,0,0,0,0,0,0,0,0,0,0,0,0,20
Ryan Mulvey,,,,,,,0,0,1,0,0,0,0,0,0,0,0,0,0,0,0,0,0,0,0,0,0,0,20
Suzanne Harmon Carn,,,,,,,,0,0,1,0,0,0,0,0,0,0,0,0,0,0,0,0,0,0,0,0,0,20
Tia M Seibert,,,,,,,,,0,0,0,0,0,0,0,0,0,0,0,0,0,0,0,0,0,0,0,0,20
Warren Bloom,,,,,,,,,,0,0,0,0,0,0,0,0,0,0,0,0,0,0,0,0,0,0,0,20
Ashley Michelle Cook,,,,,,,,,,,0,0,0,0,0,0,0,0,0,0,0,0,0,0,0,0,0,0,20
Bobbie T Curry,,,,,,,,,,,,0,0,0,0,0,0,0,0,0,0,0,0,0,0,0,0,0,20
Brigitte A Garvin Johnson,,,,,,,,,,,,,0,0,0,0,0,0,0,0,0,0,0,0,0,0,0,0,20
Bruce H Bailey,,,,,,,,,,,,,,0,0,0,0,0,0,0,0,0,0,0,0,0,0,0,20
Donna Marie Laws,,,,,,,,,,,,,,,0,0,0,0,0,0,0,0,0,0,0,0,0,0,20
Holly A Harris Seidle,,,,,,,,,,,,,,,,0,0,0,0,0,0,0,0,0,0,0,0,0,20
Inja Coates,,,,,,,,,,,,,,,,,0,0,0,0,0,0,0,0,0,0,0,0,20
James Johnson,,,,,,,,,,,,,,,,,,0,0,0,0,0,0,0,0,0,0,0,20
Jose A Figueroa,,,,,,,,,,,,,,,,,,,0,0,0,0,0,0,0,0,0,0,20
Keith Jackson,,,,,,,,,,,,,,,,,,,,0,0,0,0,0,0,0,0,0,20
Kyle J Sampson,,,,,,,,,,,,,,,,,,,,,0,0,0,0,0,0,0,0,20
Lewis Harris Jr,,,,,,,,,,,,,,,,,,,,,,0,0,0,0,0,0,0,20
Marnie Aument Loughrey,,,,,,,,,,,,,,,,,,,,,,,0,0,0,0,0,0,20
Omar Sabir,,,,,,,,,,,,,,,,,,,,,,,,0,0,0,0,0,20
Sharif Ali,,,,,,,,,,,,,,,,,,,,,,,,,0,0,0,0,20
Tyrone T Martin,,,,,,,,,,,,,,,,,,,,,,,,,,0,0,0,20
Verna Ragan Tennant,,,,,,,,,,,,,,,,,,,,,,,,,,,0,0,20
Wayne E Dorsey,,,,,,,,,,,,,,,,,,,,,,,,,,,,0,20
Total,2,2,0,1,1,1,1,1,1,1,0,0,0,0,0,0,0,0,0,0,0,0,0,0,0,0,0,0,20
,Controller - Democrat,,,Judge Of The Traffic Court - Democrat,,,,,,,,,,,,,,,,,,,,,,,,,21
,Brett Mandel,Alan Butkovitz,Mark Zecca,Tia M Seibert,Bruce H Bailey,Marnie Aument Loughrey,Sharif Ali,Ashley Michelle Cook,Bobbie T Curry,Brigitte A Garvin Johnson,David Mamikonyan,Donna Derose,Donna Marie Laws,Holly A Harris Seidle,Inja Coates,James Johnson,Jose A Figueroa,Keith Jackson,Kyle J Sampson,Lewis Harris Jr,Omar Sabir,Robert Tuerk,Ryan Mulvey,Suzanne Harmon Carn,Tyrone T Martin,Verna Ragan Tennant,Warren Bloom,Wayne E Dorsey,21
Brett Mandel,0,0,0,2,0,0,0,0,0,0,0,0,0,0,0,0,0,0,0,0,0,0,0,0,0,0,0,0,21
Alan Butkovitz,,0,0,0,1,1,1,0,0,0,0,0,0,0,0,0,0,0,0,0,0,0,0,0,0,0,0,0,21
Mark Zecca,,,0,0,0,0,0,0,0,0,0,0,0,0,0,0,0,0,0,0,0,0,0,0,0,0,0,0,21
Tia M Seibert,,,,0,0,0,0,0,0,0,0,0,0,0,0,0,0,0,0,0,0,0,0,0,0,0,0,0,21
Bruce H Bailey,,,,,0,1,1,0,0,0,0,0,0,0,0,0,0,0,0,0,0,0,0,0,0,0,0,0,21
Marnie Aument Loughrey,,,,,,0,1,0,0,0,0,0,0,0,0,0,0,0,0,0,0,0,0,0,0,0,0,0,21
Sharif Ali,,,,,,,0,0,0,0,0,0,0,0,0,0,0,0,0,0,0,0,0,0,0,0,0,0,21
Ashley Michelle Cook,,,,,,,,0,0,0,0,0,0,0,0,0,0,0,0,0,0,0,0,0,0,0,0,0,21
Bobbie T Curry,,,,,,,,,0,0,0,0,0,0,0,0,0,0,0,0,0,0,0,0,0,0,0,0,21
Brigitte A Garvin Johnson,,,,,,,,,,0,0,0,0,0,0,0,0,0,0,0,0,0,0,0,0,0,0,0,21
David Mamikonyan,,,,,,,,,,,0,0,0,0,0,0,0,0,0,0,0,0,0,0,0,0,0,0,21
Donna Derose,,,,,,,,,,,,0,0,0,0,0,0,0,0,0,0,0,0,0,0,0,0,0,21
Donna Marie Laws,,,,,,,,,,,,,0,0,0,0,0,0,0,0,0,0,0,0,0,0,0,0,21
Holly A Harris Seidle,,,,,,,,,,,,,,0,0,0,0,0,0,0,0,0,0,0,0,0,0,0,21
Inja Coates,,,,,,,,,,,,,,,0,0,0,0,0,0,0,0,0,0,0,0,0,0,21
James Johnson,,,,,,,,,,,,,,,,0,0,0,0,0,0,0,0,0,0,0,0,0,21
Jose A Figueroa,,,,,,,,,,,,,,,,,0,0,0,0,0,0,0,0,0,0,0,0,21
Keith Jackson,,,,,,,,,,,,,,,,,,0,0,0,0,0,0,0,0,0,0,0,21
Kyle J Sampson,,,,,,,,,,,,,,,,,,,0,0,0,0,0,0,0,0,0,0,21
Lewis Harris Jr,,,,,,,,,,,,,,,,,,,,0,0,0,0,0,0,0,0,0,21
Omar Sabir,,,,,,,,,,,,,,,,,,,,,0,0,0,0,0,0,0,0,21
Robert Tuerk,,,,,,,,,,,,,,,,,,,,,,0,0,0,0,0,0,0,21
Ryan Mulvey,,,,,,,,,,,,,,,,,,,,,,,0,0,0,0,0,0,21
Suzanne Harmon Carn,,,,,,,,,,,,,,,,,,,,,,,,0,0,0,0,0,21
Tyrone T Martin,,,,,,,,,,,,,,,,,,,,,,,,,0,0,0,0,21
Verna Ragan Tennant,,,,,,,,,,,,,,,,,,,,,,,,,,0,0,0,21
Warren Bloom,,,,,,,,,,,,,,,,,,,,,,,,,,,0,0,21
Wayne E Dorsey,,,,,,,,,,,,,,,,,,,,,,,,,,,,0,21
Total,2,1,0,2,1,1,1,0,0,0,0,0,0,0,0,0,0,0,0,0,0,0,0,0,0,0,0,0,21
,Controller - Democrat,,,Judge Of The Traffic Court - Democrat,,,,,,,,,,,,,,,,,,,,,,,,,22
,Alan Butkovitz,Brett Mandel,Mark Zecca,Donna Derose,Brigitte A Garvin Johnson,Bruce H Bailey,Inja Coates,Marnie Aument Loughrey,Omar Sabir,Robert Tuerk,Warren Bloom,Wayne E Dorsey,Ashley Michelle Cook,Bobbie T Curry,David Mamikonyan,Donna Marie Laws,Holly A Harris Seidle,James Johnson,Jose A Figueroa,Keith Jackson,Kyle J Sampson,Lewis Harris Jr,Ryan Mulvey,Sharif Ali,Suzanne Harmon Carn,Tia M Seibert,Tyrone T Martin,Verna Ragan Tennant,22
Alan Butkovitz,2,0,0,0,0,1,0,0,0,0,1,1,0,0,0,0,0,0,0,0,0,0,0,0,0,0,0,0,22
Brett Mandel,,1,0,1,0,0,1,0,0,1,0,0,0,0,0,0,0,0,0,0,0,0,0,0,0,0,0,0,22
Mark Zecca,,,0,0,0,0,0,0,0,0,0,0,0,0,0,0,0,0,0,0,0,0,0,0,0,0,0,0,22
Donna Derose,,,,0,0,0,1,1,1,1,0,0,0,0,0,0,0,0,0,0,0,0,0,0,0,0,0,0,22
Brigitte A Garvin Johnson,,,,,1,0,0,0,0,0,0,0,0,0,0,0,0,0,0,0,0,0,0,0,0,0,0,0,22
Bruce H Bailey,,,,,,0,0,0,0,0,1,1,0,0,0,0,0,0,0,0,0,0,0,0,0,0,0,0,22
Inja Coates,,,,,,,0,0,0,1,0,0,0,0,0,0,0,0,0,0,0,0,0,0,0,0,0,0,22
Marnie Aument Loughrey,,,,,,,,0,1,0,0,0,0,0,0,0,0,0,0,0,0,0,0,0,0,0,0,0,22
Omar Sabir,,,,,,,,,0,0,0,0,0,0,0,0,0,0,0,0,0,0,0,0,0,0,0,0,22
Robert Tuerk,,,,,,,,,,0,0,0,0,0,0,0,0,0,0,0,0,0,0,0,0,0,0,0,22
Warren Bloom,,,,,,,,,,,0,1,0,0,0,0,0,0,0,0,0,0,0,0,0,0,0,0,22
Wayne E Dorsey,,,,,,,,,,,,0,0,0,0,0,0,0,0,0,0,0,0,0,0,0,0,0,22
Ashley Michelle Cook,,,,,,,,,,,,,0,0,0,0,0,0,0,0,0,0,0,0,0,0,0,0,22
Bobbie T Curry,,,,,,,,,,,,,,0,0,0,0,0,0,0,0,0,0,0,0,0,0,0,22
David Mamikonyan,,,,,,,,,,,,,,,0,0,0,0,0,0,0,0,0,0,0,0,0,0,22
Donna Marie Laws,,,,,,,,,,,,,,,,0,0,0,0,0,0,0,0,0,0,0,0,0,22
Holly A Harris Seidle,,,,,,,,,,,,,,,,,0,0,0,0,0,0,0,0,0,0,0,0,22
James Johnson,,,,,,,,,,,,,,,,,,0,0,0,0,0,0,0,0,0,0,0,22
Jose A Figueroa,,,,,,,,,,,,,,,,,,,0,0,0,0,0,0,0,0,0,0,22
Keith Jackson,,,,,,,,,,,,,,,,,,,,0,0,0,0,0,0,0,0,0,22
Kyle J Sampson,,,,,,,,,,,,,,,,,,,,,0,0,0,0,0,0,0,0,22
Lewis Harris Jr,,,,,,,,,,,,,,,,,,,,,,0,0,0,0,0,0,0,22
Ryan Mulvey,,,,,,,,,,,,,,,,,,,,,,,0,0,0,0,0,0,22
Sharif Ali,,,,,,,,,,,,,,,,,,,,,,,,0,0,0,0,0,22
Suzanne Harmon Carn,,,,,,,,,,,,,,,,,,,,,,,,,0,0,0,0,22
Tia M Seibert,,,,,,,,,,,,,,,,,,,,,,,,,,0,0,0,22
Tyrone T Martin,,,,,,,,,,,,,,,,,,,,,,,,,,,0,0,22
Verna Ragan Tennant,,,,,,,,,,,,,,,,,,,,,,,,,,,,0,22
Total,3,2,0,2,1,1,1,1,1,1,1,1,0,0,0,0,0,0,0,0,0,0,0,0,0,0,0,0,22
,Controller - Democrat,,,Judge Of The Traffic Court - Democrat,,,,,,,,,,,,,,,,,,,,,,,,,23
,Brett Mandel,Alan Butkovitz,Mark Zecca,Inja Coates,Donna Derose,Suzanne Harmon Carn,Jose A Figueroa,Omar Sabir,Verna Ragan Tennant,Bobbie T Curry,Donna Marie Laws,Marnie Aument Loughrey,Robert Tuerk,Brigitte A Garvin Johnson,David Mamikonyan,Sharif Ali,Tia M Seibert,Tyrone T Martin,Warren Bloom,Bruce H Bailey,Holly A Harris Seidle,Keith Jackson,Kyle J Sampson,Lewis Harris Jr,Wayne E Dorsey,Ashley Michelle Cook,James Johnson,Ryan Mulvey,23
Brett Mandel,9,0,0,9,2,3,2,1,3,1,1,1,2,0,2,0,0,1,2,1,0,1,0,0,0,0,0,0,23
Alan Butkovitz,,9,0,9,3,2,0,2,0,1,2,2,1,1,0,2,1,0,0,0,1,0,0,1,0,0,0,0,23
Mark Zecca,,,3,4,1,0,2,1,1,1,0,0,0,1,0,0,1,1,0,0,0,0,1,0,1,0,0,0,23
Inja Coates,,,,1,3,0,1,1,2,0,3,0,2,2,1,2,1,1,0,0,1,0,0,0,1,0,0,0,23
Donna Derose,,,,,0,0,1,1,0,0,1,2,1,0,0,0,0,1,0,0,0,0,0,0,0,0,0,0,23
Suzanne Harmon Carn,,,,,,0,1,1,0,1,0,0,0,0,1,0,1,0,1,0,0,0,0,0,0,0,0,0,23
Jose A Figueroa,,,,,,,0,2,1,0,0,0,1,0,0,0,0,0,0,0,0,0,0,0,0,0,0,0,23
Omar Sabir,,,,,,,,0,0,0,0,1,0,0,0,0,0,0,0,0,0,0,0,1,0,0,0,0,23
Verna Ragan Tennant,,,,,,,,,0,0,0,0,1,0,1,0,0,0,1,1,0,0,0,0,1,0,0,0,23
Bobbie T Curry,,,,,,,,,,0,0,1,0,0,0,0,1,1,0,0,0,1,1,0,0,0,0,0,23
Donna Marie Laws,,,,,,,,,,,0,0,0,0,0,2,0,0,0,0,0,0,0,0,0,0,0,0,23
Marnie Aument Loughrey,,,,,,,,,,,,0,0,0,0,0,0,0,0,0,0,1,0,0,0,0,0,0,23
Robert Tuerk,,,,,,,,,,,,,0,0,0,0,0,0,0,0,0,0,0,0,0,0,0,0,23
Brigitte A Garvin Johnson,,,,,,,,,,,,,,0,0,0,1,0,0,0,1,0,0,0,0,0,0,0,23
David Mamikonyan,,,,,,,,,,,,,,,0,0,0,0,1,0,0,0,0,0,0,0,0,0,23
Sharif Ali,,,,,,,,,,,,,,,,0,0,0,0,0,0,0,0,0,0,0,0,0,23
Tia M Seibert,,,,,,,,,,,,,,,,,0,0,0,0,0,0,0,0,0,0,0,0,23
Tyrone T Martin,,,,,,,,,,,,,,,,,,0,0,0,0,0,1,0,0,0,0,0,23
Warren Bloom,,,,,,,,,,,,,,,,,,,0,1,0,0,0,0,0,0,0,0,23
Bruce H Bailey,,,,,,,,,,,,,,,,,,,,0,0,0,0,0,0,0,0,0,23
Holly A Harris Seidle,,,,,,,,,,,,,,,,,,,,,0,0,0,0,0,0,0,0,23
Keith Jackson,,,,,,,,,,,,,,,,,,,,,,0,0,0,0,0,0,0,23
Kyle J Sampson,,,,,,,,,,,,,,,,,,,,,,,0,0,0,0,0,0,23
Lewis Harris Jr,,,,,,,,,,,,,,,,,,,,,,,,0,0,0,0,0,23
Wayne E Dorsey,,,,,,,,,,,,,,,,,,,,,,,,,0,0,0,0,23
Ashley Michelle Cook,,,,,,,,,,,,,,,,,,,,,,,,,,0,0,0,23
James Johnson,,,,,,,,,,,,,,,,,,,,,,,,,,,0,0,23
Ryan Mulvey,,,,,,,,,,,,,,,,,,,,,,,,,,,,0,23
Total,24,23,9,23,6,5,4,4,4,3,3,3,3,2,2,2,2,2,2,1,1,1,1,1,1,0,0,0,23
