[
  ["", "Vikki Kristiansson", "Stella Tsai", "Lucretia C Clemons", "Shanese Johnson", "Zac Shaffer", "Deborah Canty", "Leon Goodman", "Mark B Cohen", "Crystal B Powell", "Deborah Cianfrani", "Danyl S Patterson", "Jennifer Schultz", "Rania Major", "David Conroy", "Henry Mc Sias", "Wendi Barish", "John Macoretta", "Vincent Melchiorre", "Vincent Furlong", "Terri M Booker", "Brian Mclaughlin", "Lawrence J Bozzelli", "Daniel R Sulman", "Mark J Moore", "Leonard Deutchman", "Bill Rice", "Jon Marshall", "Dawn M Tancredi", "Matthew C Monroe", "Christian Dicicco"],
  ["Vikki Kristiansson", "46", "559", "391", "341", "418", "355", "264", "280", "273", "267", "306", "217", "268", "305", "261", "213", "285", "181", "206", "85", "164", "165", "116", "65", "136", "22", "25", "4", "2", "1"],
  ["Stella Tsai", "559", "46", "373", "364", "275", "255", "150", "173", "223", "289", "192", "223", "244", "185", "283", "218", "198", "192", "190", "73", "144", "174", "151", "68", "44", "31", "26", "3", "3", "0"],
  ["Lucretia C Clemons", "391", "373", "19", "315", "324", "251", "229", "106", "368", "186", "280", "235", "114", "254", "185", "233", "58", "211", "69", "137", "57", "42", "136", "147", "28", "37", "35", "0", "0", "1"],
  ["Shanese Johnson", "341", "364", "315", "51", "238", "241", "162", "171", "308", "238", "223", "140", "202", "194", "86", "129", "95", "189", "118", "114", "75", "89", "93", "61", "30", "51", "36", "1", "1", "0"],
  ["Zac Shaffer", "418", "275", "324", "238", "14", "248", "288", "211", "235", "90", "319", "145", "88", "334", "114", "120", "143", "236", "92", "81", "58", "48", "137", "54", "123", "15", "31", "0", "3", "0"],
  ["Deborah Canty", "355", "255", "251", "241", "248", "28", "275", "256", "217", "150", "226", "221", "136", "180", "102", "200", "155", "98", "93", "111", "70", "57", "102", "97", "152", "40", "35", "2", "4", "0"],
  ["Leon Goodman", "264", "150", "229", "162", "288", "275", "11", "228", "202", "149", "203", "175", "87", "181", "124", "142", "160", "89", "89", "152", "60", "47", "86", "130", "136", "34", "32", "1", "3", "0"],
  ["Mark B Cohen", "280", "173", "106", "171", "211", "256", "228", "55", "126", "156", "177", "113", "160", "157", "96", "66", "183", "53", "142", "88", "100", "78", "62", "55", "121", "46", "25", "0", "1", "0"],
  ["Crystal B Powell", "273", "223", "368", "308", "235", "217", "202", "126", "11", "172", "250", "157", "100", "215", "71", "142", "36", "161", "64", "162", "37", "26", "54", "120", "18", "40", "34", "1", "1", "0"],
  ["Deborah Cianfrani", "267", "289", "186", "238", "90", "150", "149", "156", "172", "19", "64", "186", "239", "67", "202", "162", "149", "50", "168", "120", "144", "129", "73", "80", "19", "22", "17", "3", "1", "0"],
  ["Danyl S Patterson", "306", "192", "280", "223", "319", "226", "203", "177", "250", "64", "18", "44", "70", "304", "30", "40", "114", "187", "59", "59", "44", "14", "59", "64", "93", "24", "21", "0", "2", "0"],
  ["Jennifer Schultz", "217", "223", "235", "140", "145", "221", "175", "113", "157", "186", "44", "8", "116", "36", "158", "254", "44", "63", "58", "152", "47", "47", "69", "90", "52", "27", "27", "2", "1", "0"],
  ["Rania Major", "268", "244", "114", "202", "88", "136", "87", "160", "100", "239", "70", "116", "20", "61", "155", "103", "147", "62", "183", "67", "165", "142", "48", "37", "34", "33", "19", "1", "0", "1"],
  ["David Conroy", "305", "185", "254", "194", "334", "180", "181", "157", "215", "67", "304", "36", "61", "3", "22", "28", "106", "164", "60", "33", "50", "23", "73", "32", "95", "18", "19", "1", "1", "1"],
  ["Henry Mc Sias", "261", "283", "185", "86", "114", "102", "124", "96", "71", "202", "30", "158", "155", "22", "18", "162", "165", "40", "142", "63", "115", "138", "89", "76", "36", "13", "11", "1", "0", "0"],
  ["Wendi Barish", "213", "218", "233", "129", "120", "200", "142", "66", "142", "162", "40", "254", "103", "28", "162", "6", "48", "57", "46", "106", "31", "41", "83", "89", "49", "18", "21", "2", "3", "0"],
  ["John Macoretta", "285", "198", "58", "95", "143", "155", "160", "183", "36", "149", "114", "44", "147", "106", "165", "48", "15", "28", "144", "27", "124", "141", "40", "32", "115", "12", "19", "2", "2", "0"],
  ["Vincent Melchiorre", "181", "192", "211", "189", "236", "98", "89", "53", "161", "50", "187", "63", "62", "164", "40", "57", "28", "2", "60", "32", "53", "28", "87", "37", "31", "20", "20", "0", "1", "0"],
  ["Vincent Furlong", "206", "190", "69", "118", "92", "93", "89", "142", "64", "168", "59", "58", "183", "60", "142", "46", "144", "60", "9", "39", "152", "138", "50", "25", "27", "26", "24", "1", "0", "1"],
  ["Terri M Booker", "85", "73", "137", "114", "81", "111", "152", "88", "162", "120", "59", "152", "67", "33", "63", "106", "27", "32", "39", "14", "30", "22", "25", "85", "14", "30", "24", "0", "0", "1"],
  ["Brian Mclaughlin", "164", "144", "57", "75", "58", "70", "60", "100", "37", "144", "44", "47", "165", "50", "115", "31", "124", "53", "152", "30", "21", "119", "35", "26", "23", "14", "16", "0", "1", "0"],
  ["Lawrence J Bozzelli", "165", "174", "42", "89", "48", "57", "47", "78", "26", "129", "14", "47", "142", "23", "138", "41", "141", "28", "138", "22", "119", "15", "34", "26", "27", "8", "20", "1", "1", "0"],
  ["Daniel R Sulman", "116", "151", "136", "93", "137", "102", "86", "62", "54", "73", "59", "69", "48", "73", "89", "83", "40", "87", "50", "25", "35", "34", "4", "16", "45", "14", "13", "2", "3", "0"],
  ["Mark J Moore", "65", "68", "147", "61", "54", "97", "130", "55", "120", "80", "64", "90", "37", "32", "76", "89", "32", "37", "25", "85", "26", "26", "16", "2", "18", "22", "25", "0", "0", "1"],
  ["Leonard Deutchman", "136", "44", "28", "30", "123", "152", "136", "121", "18", "19", "93", "52", "34", "95", "36", "49", "115", "31", "27", "14", "23", "27", "45", "18", "4", "7", "15", "1", "2", "0"],
  ["Bill Rice", "22", "31", "37", "51", "15", "40", "34", "46", "40", "22", "24", "27", "33", "18", "13", "18", "12", "20", "26", "30", "14", "8", "14", "22", "7", "3", "10", "0", "0", "0"],
  ["Jon Marshall", "25", "26", "35", "36", "31", "35", "32", "25", "34", "17", "21", "27", "19", "19", "11", "21", "19", "20", "24", "24", "16", "20", "13", "25", "15", "10", "3", "0", "1", "0"],
  ["Dawn M Tancredi", "4", "3", "0", "1", "0", "2", "1", "0", "1", "3", "0", "2", "1", "1", "1", "2", "2", "0", "1", "0", "0", "1", "2", "0", "1", "0", "0", "0", "2", "0"],
  ["Matthew C Monroe", "2", "3", "0", "1", "3", "4", "3", "1", "1", "1", "2", "1", "0", "1", "0", "3", "2", "1", "0", "0", "1", "1", "3", "0", "2", "0", "1", "2", "0", "0"],
  ["Christian Dicicco", "1", "0", "1", "0", "0", "0", "0", "0", "0", "0", "0", "0", "1", "1", "0", "0", "0", "0", "1", "1", "0", "0", "0", "1", "0", "0", "0", "0", "0", "0"],
  ["Total", "946", "826", "717", "702", "665", "656", "585", "573", "553", "520", "506", "465", "448", "439", "439", "401", "400", "352", "349", "311", "293", "270", "264", "223", "203", "93", "90", "5", "5", "2"]
]
