[
  ["", "Stella Tsai", "Shanese Johnson", "Deborah Cianfrani", "Vikki Kristiansson", "Rania Major", "Leon Goodman", "Lucretia C Clemons", "Zac Shaffer", "Mark B Cohen", "Daniel R Sulman", "John Macoretta", "Deborah Canty", "Crystal B Powell", "Vincent Furlong", "Brian Mclaughlin", "Danyl S Patterson", "Vincent Melchiorre", "David Conroy", "Henry Mc Sias", "Jennifer Schultz", "Wendi Barish", "Lawrence J Bozzelli", "Terri M Booker", "Mark J Moore", "Jon Marshall", "Leonard Deutchman", "Bill Rice", "Dawn M Tancredi", "Matthew C Monroe", "Betsy Wahl", "Christian Dicicco"],
  ["Stella Tsai", "76", "312", "377", "251", "232", "125", "213", "194", "90", "217", "171", "110", "101", "159", "159", "164", "166", "158", "174", "110", "135", "160", "55", "36", "32", "24", "15", "1", "3", "2", "0"],
  ["Shanese Johnson", "312", "66", "333", "189", "210", "137", "240", "193", "149", "168", "105", "126", "164", "129", "87", "155", "144", "149", "85", "104", "84", "85", "91", "70", "48", "22", "37", "1", "3", "1", "0"],
  ["Deborah Cianfrani", "377", "333", "27", "241", "250", "119", "189", "168", "111", "157", "183", "94", "134", "173", "169", "123", "135", "141", "172", "111", "87", "160", "67", "50", "39", "21", "13", "2", "2", "0", "0"],
  ["Vikki Kristiansson", "251", "189", "241", "15", "236", "173", "106", "110", "124", "66", "176", "121", "100", "174", "152", "70", "42", "76", "146", "101", "99", "145", "43", "24", "33", "24", "10", "1", "1", "0", "2"],
  ["Rania Major", "232", "210", "250", "236", "25", "89", "83", "70", "133", "56", "177", "89", "90", "189", "166", "51", "34", "23", "153", "81", "70", "166", "50", "46", "29", "16", "21", "0", "1", "1", "0"],
  ["Leon Goodman", "125", "137", "119", "173", "89", "25", "149", "143", "113", "112", "60", "115", "112", "72", "56", "107", "96", "108", "54", "95", "114", "44", "57", "57", "43", "48", "24", "4", "3", "0", "2"],
  ["Lucretia C Clemons", "213", "240", "189", "106", "83", "149", "9", "199", "72", "170", "33", "82", "169", "26", "29", "199", "159", "187", "40", "75", "104", "15", "63", "66", "36", "17", "27", "2", "2", "1", "0"],
  ["Zac Shaffer", "194", "193", "168", "110", "70", "143", "199", "10", "82", "196", "34", "82", "104", "42", "26", "184", "189", "189", "26", "58", "90", "25", "21", "19", "27", "30", "10", "3", "3", "1", "1"],
  ["Mark B Cohen", "90", "149", "111", "124", "133", "113", "72", "82", "37", "65", "85", "99", "92", "91", "86", "63", "42", "48", "62", "70", "57", "60", "45", "36", "30", "20", "21", "1", "1", "1", "2"],
  ["Daniel R Sulman", "217", "168", "157", "66", "56", "112", "170", "196", "65", "7", "43", "69", "65", "35", "35", "148", "181", "153", "26", "58", "98", "27", "22", "18", "17", "28", "8", "3", "2", "2", "0"],
  ["John Macoretta", "171", "105", "183", "176", "177", "60", "33", "34", "85", "43", "22", "49", "28", "146", "157", "16", "30", "21", "154", "50", "35", "160", "20", "21", "20", "25", "12", "1", "2", "0", "0"],
  ["Deborah Canty", "110", "126", "94", "121", "89", "115", "82", "82", "99", "69", "49", "23", "95", "43", "46", "51", "40", "40", "28", "114", "91", "35", "51", "45", "32", "42", "18", "2", "3", "2", "2"],
  ["Crystal B Powell", "101", "164", "134", "100", "90", "112", "169", "104", "92", "65", "28", "95", "6", "45", "32", "110", "51", "101", "29", "76", "66", "15", "74", "56", "33", "12", "20", "0", "0", "1", "1"],
  ["Vincent Furlong", "159", "129", "173", "174", "189", "72", "26", "42", "91", "35", "146", "43", "45", "7", "152", "32", "31", "30", "138", "39", "25", "151", "21", "26", "16", "11", "14", "1", "3", "0", "0"],
  ["Brian Mclaughlin", "159", "87", "169", "152", "166", "56", "29", "26", "86", "35", "157", "46", "32", "152", "18", "19", "21", "11", "142", "46", "33", "148", "19", "15", "16", "18", "9", "0", "1", "0", "0"],
  ["Danyl S Patterson", "164", "155", "123", "70", "51", "107", "199", "184", "63", "148", "16", "51", "110", "32", "19", "6", "143", "178", "8", "21", "57", "7", "15", "22", "19", "4", "18", "1", "1", "2", "1"],
  ["Vincent Melchiorre", "166", "144", "135", "42", "34", "96", "159", "189", "42", "181", "30", "40", "51", "31", "21", "143", "3", "145", "18", "40", "72", "15", "22", "16", "15", "26", "13", "2", "2", "1", "0"],
  ["David Conroy", "158", "149", "141", "76", "23", "108", "187", "189", "48", "153", "21", "40", "101", "30", "11", "178", "145", "1", "9", "21", "48", "9", "19", "15", "18", "9", "11", "1", "1", "1", "1"],
  ["Henry Mc Sias", "174", "85", "172", "146", "153", "54", "40", "26", "62", "26", "154", "28", "29", "138", "142", "8", "18", "9", "7", "45", "38", "142", "29", "32", "12", "18", "8", "2", "2", "1", "0"],
  ["Jennifer Schultz", "110", "104", "111", "101", "81", "95", "75", "58", "70", "58", "50", "114", "76", "39", "46", "21", "40", "21", "45", "11", "115", "33", "65", "47", "30", "36", "14", "3", "2", "1", "1"],
  ["Wendi Barish", "135", "84", "87", "99", "70", "114", "104", "90", "57", "98", "35", "91", "66", "25", "33", "57", "72", "48", "38", "115", "2", "23", "43", "32", "19", "32", "12", "3", "2", "0", "0"],
  ["Lawrence J Bozzelli", "160", "85", "160", "145", "166", "44", "15", "25", "60", "27", "160", "35", "15", "151", "148", "7", "15", "9", "142", "33", "23", "5", "10", "10", "16", "23", "1", "1", "1", "1", "1"],
  ["Terri M Booker", "55", "91", "67", "43", "50", "57", "63", "21", "45", "22", "20", "51", "74", "21", "19", "15", "22", "19", "29", "65", "43", "10", "10", "50", "22", "10", "23", "1", "0", "0", "0"],
  ["Mark J Moore", "36", "70", "50", "24", "46", "57", "66", "19", "36", "18", "21", "45", "56", "26", "15", "22", "16", "15", "32", "47", "32", "10", "50", "7", "31", "11", "23", "2", "0", "1", "0"],
  ["Jon Marshall", "32", "48", "39", "33", "29", "43", "36", "27", "30", "17", "20", "32", "33", "16", "16", "19", "15", "18", "12", "30", "19", "16", "22", "31", "1", "12", "16", "1", "0", "0", "2"],
  ["Leonard Deutchman", "24", "22", "21", "24", "16", "48", "17", "30", "20", "28", "25", "42", "12", "11", "18", "4", "26", "9", "18", "36", "32", "23", "10", "11", "12", "2", "7", "3", "2", "0", "1"],
  ["Bill Rice", "15", "37", "13", "10", "21", "24", "27", "10", "21", "8", "12", "18", "20", "14", "9", "18", "13", "11", "8", "14", "12", "1", "23", "23", "16", "7", "1", "0", "0", "1", "0"],
  ["Dawn M Tancredi", "1", "1", "2", "1", "0", "4", "2", "3", "1", "3", "1", "2", "0", "1", "0", "1", "2", "1", "2", "3", "3", "1", "1", "2", "1", "3", "0", "0", "2", "0", "0"],
  ["Matthew C Monroe", "3", "3", "2", "1", "1", "3", "2", "3", "1", "2", "2", "3", "0", "3", "1", "1", "2", "1", "2", "2", "2", "1", "0", "0", "0", "2", "0", "2", "0", "0", "0"],
  ["Betsy Wahl", "2", "1", "0", "0", "1", "0", "1", "1", "1", "2", "0", "2", "1", "0", "0", "2", "1", "1", "1", "1", "0", "1", "0", "1", "0", "0", "1", "0", "0", "0", "0"],
  ["Christian Dicicco", "0", "0", "0", "2", "0", "2", "0", "1", "2", "0", "0", "2", "1", "0", "0", "1", "0", "1", "0", "1", "0", "1", "0", "0", "2", "1", "0", "0", "0", "0", "0"],
  ["Total", "650", "612", "569", "482", "418", "411", "390", "358", "334", "322", "309", "291", "286", "286", "278", "275", "269", "261", "253", "242", "233", "231", "158", "132", "93", "76", "60", "7", "6", "3", "3"]
]
