[
  ["", "Mark B Cohen", "Daniel R Sulman", "Deborah Cianfrani", "Stella Tsai", "Vincent Furlong", "Lucretia C Clemons", "Vikki Kristiansson", "Shanese Johnson", "Brian Mclaughlin", "Rania Major", "Deborah Canty", "Jennifer Schultz", "Zac Shaffer", "Wendi Barish", "Crystal B Powell", "John Macoretta", "Lawrence J Bozzelli", "Leon Goodman", "Vincent Melchiorre", "Bill Rice", "David Conroy", "Henry Mc Sias", "Terri M Booker", "Mark J Moore", "Leonard Deutchman", "Danyl S Patterson", "Jon Marshall", "Christian Dicicco", "Dawn M Tancredi", "Write In"],
  ["Mark B Cohen", "138", "287", "206", "170", "157", "144", "142", "135", "145", "143", "139", "127", "91", "102", "102", "107", "111", "116", "87", "98", "70", "72", "69", "54", "41", "44", "37", "0", "1", "1"],
  ["Daniel R Sulman", "287", "67", "183", "178", "125", "189", "111", "141", "108", "94", "125", "104", "130", "94", "91", "73", "64", "84", "120", "104", "108", "54", "44", "37", "49", "32", "31", "0", "0", "0"],
  ["Deborah Cianfrani", "206", "183", "6", "227", "139", "114", "156", "152", "124", "153", "101", "107", "82", "97", "94", "105", "109", "53", "91", "56", "66", "98", "53", "23", "19", "12", "12", "1", "1", "0"],
  ["Stella Tsai", "170", "178", "227", "13", "119", "131", "169", "140", "109", "149", "95", "105", "85", "92", "82", "97", "95", "58", "82", "44", "75", "97", "38", "23", "21", "19", "15", "1", "1", "0"],
  ["Vincent Furlong", "157", "125", "139", "119", "11", "55", "124", "63", "129", "101", "66", "55", "47", "58", "38", "96", "95", "53", "59", "54", "53", "79", "30", "17", "24", "13", "20", "0", "0", "0"],
  ["Lucretia C Clemons", "144", "189", "114", "131", "55", "1", "72", "105", "40", "52", "79", "67", "94", "64", "110", "32", "23", "44", "84", "50", "84", "29", "45", "43", "14", "26", "28", "0", "0", "0"],
  ["Vikki Kristiansson", "142", "111", "156", "169", "124", "72", "4", "88", "102", "138", "96", "107", "65", "92", "60", "100", "98", "45", "30", "27", "46", "83", "42", "19", "22", "26", "11", "1", "1", "0"],
  ["Shanese Johnson", "135", "141", "152", "140", "63", "105", "88", "14", "60", "91", "82", "71", "64", "67", "86", "48", "41", "45", "67", "36", "57", "33", "47", "27", "19", "21", "9", "1", "0", "0"],
  ["Brian Mclaughlin", "145", "108", "124", "109", "129", "40", "102", "60", "9", "97", "57", "60", "40", "45", "26", "94", "100", "47", "51", "44", "39", "70", "21", "16", "26", "15", "21", "0", "0", "0"],
  ["Rania Major", "143", "94", "153", "149", "101", "52", "138", "91", "97", "4", "75", "73", "32", "71", "48", "100", "105", "48", "29", "30", "18", "88", "41", "18", "26", "12", "11", "0", "1", "0"],
  ["Deborah Canty", "139", "125", "101", "95", "66", "79", "96", "82", "57", "75", "6", "109", "53", "96", "75", "29", "40", "62", "38", "37", "35", "35", "54", "36", "29", "28", "21", "1", "0", "0"],
  ["Jennifer Schultz", "127", "104", "107", "105", "55", "67", "107", "71", "60", "73", "109", "5", "47", "116", "66", "35", "39", "56", "32", "42", "31", "28", "47", "35", "40", "17", "27", "1", "0", "0"],
  ["Zac Shaffer", "91", "130", "82", "85", "47", "94", "65", "64", "40", "32", "53", "47", "1", "48", "69", "29", "19", "63", "89", "20", "77", "19", "18", "22", "26", "27", "15", "0", "0", "0"],
  ["Wendi Barish", "102", "94", "97", "92", "58", "64", "92", "67", "45", "71", "96", "116", "48", "1", "46", "27", "32", "63", "38", "23", "24", "22", "41", "31", "24", "15", "18", "1", "0", "0"],
  ["Crystal B Powell", "102", "91", "94", "82", "38", "110", "60", "86", "26", "48", "75", "66", "69", "46", "6", "19", "14", "41", "49", "20", "64", "18", "58", "30", "6", "30", "17", "0", "0", "0"],
  ["John Macoretta", "107", "73", "105", "97", "96", "32", "100", "48", "94", "100", "29", "35", "29", "27", "19", "5", "109", "37", "28", "26", "18", "92", "12", "20", "20", "8", "16", "0", "0", "0"],
  ["Lawrence J Bozzelli", "111", "64", "109", "95", "95", "23", "98", "41", "100", "105", "40", "39", "19", "32", "14", "109", "4", "37", "24", "28", "16", "80", "8", "12", "22", "6", "10", "0", "0", "0"],
  ["Leon Goodman", "116", "84", "53", "58", "53", "44", "45", "45", "47", "48", "62", "56", "63", "63", "41", "37", "37", "2", "43", "27", "21", "35", "33", "36", "35", "23", "28", "0", "0", "0"],
  ["Vincent Melchiorre", "87", "120", "91", "82", "59", "84", "30", "67", "51", "29", "38", "32", "89", "38", "49", "28", "24", "43", "2", "36", "71", "17", "18", "20", "25", "10", "14", "0", "0", "0"],
  ["Bill Rice", "98", "104", "56", "44", "54", "50", "27", "36", "44", "30", "37", "42", "20", "23", "20", "26", "28", "27", "36", "13", "34", "18", "28", "27", "11", "16", "21", "0", "1", "0"],
  ["David Conroy", "70", "108", "66", "75", "53", "84", "46", "57", "39", "18", "35", "31", "77", "24", "64", "18", "16", "21", "71", "34", "3", "11", "16", "21", "11", "24", "17", "0", "0", "0"],
  ["Henry Mc Sias", "72", "54", "98", "97", "79", "29", "83", "33", "70", "88", "35", "28", "19", "22", "18", "92", "80", "35", "17", "18", "11", "0", "19", "17", "14", "7", "7", "0", "0", "0"],
  ["Terri M Booker", "69", "44", "53", "38", "30", "45", "42", "47", "21", "41", "54", "47", "18", "41", "58", "12", "8", "33", "18", "28", "16", "19", "3", "21", "12", "19", "20", "0", "0", "0"],
  ["Mark J Moore", "54", "37", "23", "23", "17", "43", "19", "27", "16", "18", "36", "35", "22", "31", "30", "20", "12", "36", "20", "27", "21", "17", "21", "1", "13", "16", "25", "1", "1", "0"],
  ["Leonard Deutchman", "41", "49", "19", "21", "24", "14", "22", "19", "26", "26", "29", "40", "26", "24", "6", "20", "22", "35", "25", "11", "11", "14", "12", "13", "0", "7", "13", "0", "0", "0"],
  ["Danyl S Patterson", "44", "32", "12", "19", "13", "26", "26", "21", "15", "12", "28", "17", "27", "15", "30", "8", "6", "23", "10", "16", "24", "7", "19", "16", "7", "2", "15", "0", "0", "0"],
  ["Jon Marshall", "37", "31", "12", "15", "20", "28", "11", "9", "21", "11", "21", "27", "15", "18", "17", "16", "10", "28", "14", "21", "17", "7", "20", "25", "13", "15", "2", "0", "0", "0"],
  ["Christian Dicicco", "0", "0", "1", "1", "0", "0", "1", "1", "0", "0", "1", "1", "0", "1", "0", "0", "0", "0", "0", "0", "0", "0", "0", "1", "0", "0", "0", "0", "0", "0"],
  ["Dawn M Tancredi", "1", "0", "1", "1", "0", "0", "1", "0", "0", "1", "0", "0", "0", "0", "0", "0", "0", "0", "0", "1", "0", "0", "0", "1", "0", "0", "0", "0", "0", "0"],
  ["Write In", "1", "0", "0", "0", "0", "0", "0", "0", "0", "0", "0", "0", "0", "0", "0", "0", "0", "0", "0", "0", "0", "0", "0", "0", "0", "0", "0", "0", "0", "0"],
  ["Total", "671", "570", "379", "369", "294", "289", "289", "271", "257", "252", "245", "234", "203", "200", "195", "194", "189", "185", "181", "180", "167", "152", "122", "93", "78", "68", "66", "1", "1", "1"]
]
