[
  ["", "Marissa Brumbach", "Matt Wolf", "George Twardy", "Sherman Toppin", "Jon Marshall", "Bill Rice", "Betsy Wahl", "Write In", "Christian Dicicco"],
  ["Marissa Brumbach", "  427", "557", "438", "194", "161", "39", "0", "0", "0"],
  ["Matt Wolf", "  557", "318", "92", "101", "95", "33", "0", "0", "1"],
  ["George Twardy", "  438", "92", "133", "51", "31", "10", "0", "0", "0"],
  ["Sherman Toppin", "  194", "101", "51", "175", "45", "17", "1", "0", "0"],
  ["Jon Marshall", "  161", "95", "31", "45", "60", "16", "1", "0", "0"],
  ["Bill Rice", "   39", "33", "10", "17", "16", "23", "0", "0", "0"],
  ["Betsy Wahl", "    0", "0", "0", "1", "1", "0", "0", "0", "0"],
  ["Write In", "    0", "0", "0", "0", "0", "0", "0", "2", "0"],
  ["Christian Dicicco", "    0", "1", "0", "0", "0", "0", "0", "0", "0"],
  ["Total", "1,816", "1,197", "755", "584", "409", "138", "2", "2", "1"]
]
