[
  ["", "Vincent Furlong", "Brian Mclaughlin", "Stella Tsai", "Deborah Cianfrani", "Vikki Kristiansson", "David Conroy", "Zac Shaffer", "Mark B Cohen", "Vincent Melchiorre", "Jennifer Schultz", "Daniel R Sulman", "Deborah Canty", "Shanese Johnson", "John Macoretta", "Wendi Barish", "Rania Major", "Lawrence J Bozzelli", "Lucretia C Clemons", "Henry Mc Sias", "Leon Goodman", "Crystal B Powell", "Leonard Deutchman", "Terri M Booker", "Bill Rice", "Mark J Moore", "Jon Marshall", "Danyl S Patterson", "Christian Dicicco", "Dawn M Tancredi"],
  ["Vincent Furlong", "  155", "571", "443", "420", "378", "463", "425", "283", "359", "177", "247", "178", "239", "226", "164", "189", "191", "167", "173", "123", "130", "77", "49", "80", "53", "47", "41", "1", "0"],
  ["Brian Mclaughlin", "  571", "117", "323", "350", "328", "247", "183", "314", "244", "192", "146", "172", "158", "245", "138", "178", "213", "116", "182", "130", "67", "80", "60", "90", "72", "63", "57", "1", "0"],
  ["Stella Tsai", "  443", "323", "28", "401", "404", "226", "220", "150", "234", "197", "192", "199", "259", "177", "197", "216", "170", "172", "171", "92", "136", "47", "61", "40", "44", "26", "29", "2", "0"],
  ["Deborah Cianfrani", "  420", "350", "401", "28", "282", "169", "211", "227", "228", "204", "165", "206", "212", "203", "166", "230", "188", "74", "168", "77", "163", "50", "77", "57", "32", "28", "44", "0", "0"],
  ["Vikki Kristiansson", "  378", "328", "404", "282", "11", "196", "186", "163", "170", "202", "134", "198", "164", "188", "195", "216", "175", "175", "171", "88", "87", "66", "56", "33", "42", "32", "22", "0", "0"],
  ["David Conroy", "  463", "247", "226", "169", "196", "31", "359", "129", "260", "79", "163", "83", "135", "63", "83", "43", "53", "143", "41", "73", "125", "42", "38", "61", "40", "35", "41", "2", "0"],
  ["Zac Shaffer", "  425", "183", "220", "211", "186", "359", "7", "145", "237", "105", "215", "112", "121", "85", "112", "68", "70", "85", "59", "90", "116", "48", "25", "41", "25", "26", "32", "1", "1"],
  ["Mark B Cohen", "  283", "314", "150", "227", "163", "129", "145", "18", "134", "161", "104", "156", "91", "145", "104", "127", "120", "66", "110", "107", "65", "65", "52", "66", "52", "42", "40", "0", "0"],
  ["Vincent Melchiorre", "  359", "244", "234", "228", "170", "260", "237", "134", "12", "81", "168", "94", "150", "93", "88", "49", "77", "119", "51", "63", "93", "60", "33", "48", "28", "21", "31", "1", "1"],
  ["Jennifer Schultz", "  177", "192", "197", "204", "202", "79", "105", "161", "81", "9", "101", "225", "88", "83", "183", "117", "80", "84", "67", "82", "88", "57", "69", "35", "53", "37", "23", "0", "1"],
  ["Daniel R Sulman", "  247", "146", "192", "165", "134", "163", "215", "104", "168", "101", "15", "88", "103", "77", "103", "47", "57", "70", "64", "77", "87", "44", "29", "32", "35", "25", "19", "1", "0"],
  ["Deborah Canty", "  178", "172", "199", "206", "198", "83", "112", "156", "94", "225", "88", "7", "106", "69", "189", "122", "77", "93", "61", "80", "99", "60", "75", "35", "44", "37", "29", "1", "1"],
  ["Shanese Johnson", "  239", "158", "259", "212", "164", "135", "121", "91", "150", "88", "103", "106", "12", "66", "84", "120", "61", "88", "63", "51", "108", "27", "42", "19", "19", "16", "22", "1", "0"],
  ["John Macoretta", "  226", "245", "177", "203", "188", "63", "85", "145", "93", "83", "77", "69", "66", "7", "56", "143", "197", "20", "172", "69", "17", "51", "15", "28", "32", "27", "12", "0", "0"],
  ["Wendi Barish", "  164", "138", "197", "166", "195", "83", "112", "104", "88", "183", "103", "189", "84", "56", "8", "94", "62", "108", "50", "87", "63", "40", "56", "26", "40", "34", "19", "0", "0"],
  ["Rania Major", "  189", "178", "216", "230", "216", "43", "68", "127", "49", "117", "47", "122", "120", "143", "94", "6", "142", "42", "138", "61", "46", "32", "41", "27", "20", "17", "18", "1", "0"],
  ["Lawrence J Bozzelli", "  191", "213", "170", "188", "175", "53", "70", "120", "77", "80", "57", "77", "61", "197", "62", "142", "4", "38", "151", "60", "17", "55", "13", "27", "19", "22", "12", "0", "0"],
  ["Lucretia C Clemons", "  167", "116", "172", "74", "175", "143", "85", "66", "119", "84", "70", "93", "88", "20", "108", "42", "38", "1", "38", "44", "56", "31", "46", "23", "46", "27", "27", "0", "0"],
  ["Henry Mc Sias", "  173", "182", "171", "168", "171", "41", "59", "110", "51", "67", "64", "61", "63", "172", "50", "138", "151", "38", "3", "53", "19", "39", "21", "21", "27", "18", "12", "0", "0"],
  ["Leon Goodman", "  123", "130", "92", "77", "88", "73", "90", "107", "63", "82", "77", "80", "51", "69", "87", "61", "60", "44", "53", "1", "32", "57", "25", "28", "47", "28", "27", "1", "0"],
  ["Crystal B Powell", "  130", "67", "136", "163", "87", "125", "116", "65", "93", "88", "87", "99", "108", "17", "63", "46", "17", "56", "19", "32", "1", "10", "59", "27", "24", "20", "34", "0", "0"],
  ["Leonard Deutchman", "   77", "80", "47", "50", "66", "42", "48", "65", "60", "57", "44", "60", "27", "51", "40", "32", "55", "31", "39", "57", "10", "3", "21", "22", "27", "16", "11", "0", "1"],
  ["Terri M Booker", "   49", "60", "61", "77", "56", "38", "25", "52", "33", "69", "29", "75", "42", "15", "56", "41", "13", "46", "21", "25", "59", "21", "1", "23", "31", "23", "20", "1", "0"],
  ["Bill Rice", "   80", "90", "40", "57", "33", "61", "41", "66", "48", "35", "32", "35", "19", "28", "26", "27", "27", "23", "21", "28", "27", "22", "23", "3", "41", "24", "19", "1", "0"],
  ["Mark J Moore", "   53", "72", "44", "32", "42", "40", "25", "52", "28", "53", "35", "44", "19", "32", "40", "20", "19", "46", "27", "47", "24", "27", "31", "41", "2", "38", "20", "1", "0"],
  ["Jon Marshall", "   47", "63", "26", "28", "32", "35", "26", "42", "21", "37", "25", "37", "16", "27", "34", "17", "22", "27", "18", "28", "20", "16", "23", "24", "38", "2", "19", "0", "1"],
  ["Danyl S Patterson", "   41", "57", "29", "44", "22", "41", "32", "40", "31", "23", "19", "29", "22", "12", "19", "18", "12", "27", "12", "27", "34", "11", "20", "19", "20", "19", "0", "0", "0"],
  ["Christian Dicicco", "    1", "1", "2", "0", "0", "2", "1", "0", "1", "0", "1", "1", "1", "0", "0", "1", "0", "0", "0", "1", "0", "0", "1", "1", "1", "0", "0", "0", "0"],
  ["Dawn M Tancredi", "    0", "0", "0", "0", "0", "0", "1", "0", "1", "1", "0", "1", "0", "0", "0", "0", "0", "0", "0", "0", "0", "1", "0", "0", "0", "1", "0", "0", "0"],
  ["Total", "1,244", "965", "741", "728", "649", "644", "599", "520", "517", "415", "414", "412", "386", "370", "359", "351", "336", "289", "287", "251", "246", "162", "145", "144", "134", "105", "97", "2", "1"]
]
