[
  ["", "Stella Tsai", "Vikki Kristiansson", "Lucretia C Clemons", "Henry Mc Sias", "Wendi Barish", "Deborah Canty", "Daniel R Sulman", "Leon Goodman", "Zac Shaffer", "Jennifer Schultz", "John Macoretta", "Mark B Cohen", "Rania Major", "Deborah Cianfrani", "Shanese Johnson", "Vincent Furlong", "Brian Mclaughlin", "Leonard Deutchman", "Lawrence J Bozzelli", "Crystal B Powell", "Mark J Moore", "David Conroy", "Terri M Booker", "Vincent Melchiorre", "Danyl S Patterson", "Jon Marshall", "Bill Rice", "Matthew C Monroe", "Dawn M Tancredi", "Christian Dicicco", "Write In"],
  ["Stella Tsai", "   98", "2,195", "1,703", "1,743", "1,751", "1,674", "1,728", "1,489", "1,423", "647", "457", "379", "377", "421", "309", "295", "253", "238", "264", "169", "146", "138", "122", "107", "82", "61", "43", "4", "3", "0", "0"],
  ["Vikki Kristiansson", "2,195", "31", "1,673", "1,770", "1,706", "1,634", "1,629", "1,557", "1,418", "585", "499", "338", "329", "360", "243", "276", "230", "236", "252", "141", "128", "149", "83", "78", "74", "49", "36", "3", "3", "1", "1"],
  ["Lucretia C Clemons", "1,703", "1,673", "34", "1,415", "1,428", "1,331", "1,335", "1,308", "1,214", "473", "355", "271", "200", "195", "204", "145", "117", "168", "131", "177", "164", "140", "120", "74", "129", "61", "39", "0", "0", "1", "0"],
  ["Henry Mc Sias", "1,743", "1,770", "1,415", "12", "1,374", "1,285", "1,430", "1,374", "1,285", "310", "373", "189", "161", "170", "88", "182", "158", "105", "165", "53", "91", "70", "41", "63", "43", "29", "18", "3", "2", "0", "0"],
  ["Wendi Barish", "1,751", "1,706", "1,428", "1,374", "2", "1,548", "1,412", "1,327", "1,286", "536", "221", "215", "205", "246", "182", "126", "100", "135", "134", "140", "107", "99", "100", "60", "31", "45", "25", "3", "2", "0", "0"],
  ["Deborah Canty", "1,674", "1,634", "1,331", "1,285", "1,548", "12", "1,351", "1,378", "1,186", "437", "229", "247", "242", "264", "244", "137", "124", "166", "146", "167", "120", "105", "114", "58", "82", "50", "32", "3", "3", "1", "1"],
  ["Daniel R Sulman", "1,728", "1,629", "1,335", "1,430", "1,412", "1,351", "29", "1,324", "1,307", "331", "266", "229", "115", "111", "96", "133", "118", "162", "114", "51", "79", "103", "46", "78", "55", "40", "30", "5", "2", "0", "0"],
  ["Leon Goodman", "1,489", "1,557", "1,308", "1,374", "1,327", "1,378", "1,324", "5", "1,203", "214", "310", "226", "118", "92", "128", "141", "103", "172", "133", "83", "138", "97", "73", "68", "68", "45", "31", "4", "2", "1", "0"],
  ["Zac Shaffer", "1,423", "1,418", "1,214", "1,285", "1,286", "1,186", "1,307", "1,203", "0", "246", "155", "206", "87", "66", "60", "93", "104", "108", "80", "32", "73", "79", "23", "67", "55", "33", "19", "4", "2", "1", "0"],
  ["Jennifer Schultz", "  647", "585", "473", "310", "536", "437", "331", "214", "246", "9", "173", "185", "214", "268", "197", "129", "128", "141", "119", "138", "120", "72", "108", "43", "29", "66", "27", "1", "1", "0", "0"],
  ["John Macoretta", "  457", "499", "355", "373", "221", "229", "266", "310", "155", "173", "21", "174", "156", "173", "118", "198", "180", "120", "210", "25", "61", "68", "24", "50", "39", "44", "16", "0", "0", "1", "0"],
  ["Mark B Cohen", "  379", "338", "271", "189", "215", "247", "229", "226", "206", "185", "174", "28", "243", "156", "145", "145", "144", "95", "105", "89", "43", "58", "66", "74", "103", "34", "35", "0", "0", "2", "1"],
  ["Rania Major", "  377", "329", "200", "161", "205", "242", "115", "118", "87", "214", "156", "243", "5", "285", "226", "160", "139", "66", "145", "118", "31", "21", "89", "37", "81", "17", "27", "1", "1", "0", "1"],
  ["Deborah Cianfrani", "  421", "360", "195", "170", "246", "264", "111", "92", "66", "268", "173", "156", "285", "10", "223", "151", "153", "54", "142", "131", "45", "29", "104", "46", "35", "17", "18", "1", "1", "0", "0"],
  ["Shanese Johnson", "  309", "243", "204", "88", "182", "244", "96", "128", "60", "197", "118", "145", "226", "223", "14", "120", "92", "54", "82", "128", "56", "19", "104", "32", "65", "23", "28", "1", "1", "0", "0"],
  ["Vincent Furlong", "  295", "276", "145", "182", "126", "137", "133", "141", "93", "129", "198", "145", "160", "151", "120", "11", "168", "85", "169", "37", "50", "74", "34", "53", "31", "32", "28", "0", "0", "0", "0"],
  ["Brian Mclaughlin", "  253", "230", "117", "158", "100", "124", "118", "103", "104", "128", "180", "144", "139", "153", "92", "168", "15", "73", "174", "34", "62", "64", "34", "47", "25", "44", "26", "1", "0", "0", "1"],
  ["Leonard Deutchman", "  238", "236", "168", "105", "135", "166", "162", "172", "108", "141", "120", "95", "66", "54", "54", "85", "73", "15", "107", "22", "67", "83", "28", "46", "24", "44", "25", "2", "0", "0", "0"],
  ["Lawrence J Bozzelli", "  264", "252", "131", "165", "134", "146", "114", "133", "80", "119", "210", "105", "145", "142", "82", "169", "174", "107", "7", "18", "54", "58", "19", "47", "23", "39", "13", "1", "0", "0", "0"],
  ["Crystal B Powell", "  169", "141", "177", "53", "140", "167", "51", "83", "32", "138", "25", "89", "118", "131", "128", "37", "34", "22", "18", "3", "60", "29", "95", "18", "57", "9", "28", "0", "0", "2", "0"],
  ["Mark J Moore", "  146", "128", "164", "91", "107", "120", "79", "138", "73", "120", "61", "43", "31", "45", "56", "50", "62", "67", "54", "60", "11", "47", "46", "34", "42", "52", "32", "0", "0", "0", "0"],
  ["David Conroy", "  138", "149", "140", "70", "99", "105", "103", "97", "79", "72", "68", "58", "21", "29", "19", "74", "64", "83", "58", "29", "47", "4", "19", "29", "27", "33", "18", "0", "0", "1", "0"],
  ["Terri M Booker", "  122", "83", "120", "41", "100", "114", "46", "73", "23", "108", "24", "66", "89", "104", "104", "34", "34", "28", "19", "95", "46", "19", "2", "16", "39", "26", "22", "0", "1", "0", "1"],
  ["Vincent Melchiorre", "  107", "78", "74", "63", "60", "58", "78", "68", "67", "43", "50", "74", "37", "46", "32", "53", "47", "46", "47", "18", "34", "29", "16", "2", "26", "13", "20", "1", "0", "0", "1"],
  ["Danyl S Patterson", "   82", "74", "129", "43", "31", "82", "55", "68", "55", "29", "39", "103", "81", "35", "65", "31", "25", "24", "23", "57", "42", "27", "39", "26", "0", "14", "26", "0", "0", "1", "0"],
  ["Jon Marshall", "   61", "49", "61", "29", "45", "50", "40", "45", "33", "66", "44", "34", "17", "17", "23", "32", "44", "44", "39", "9", "52", "33", "26", "13", "14", "0", "17", "0", "0", "0", "1"],
  ["Bill Rice", "   43", "36", "39", "18", "25", "32", "30", "31", "19", "27", "16", "35", "27", "18", "28", "28", "26", "25", "13", "28", "32", "18", "22", "20", "26", "17", "0", "0", "0", "0", "0"],
  ["Matthew C Monroe", "    4", "3", "0", "3", "3", "3", "5", "4", "4", "1", "0", "0", "1", "1", "1", "0", "1", "2", "1", "0", "0", "0", "0", "1", "0", "0", "0", "0", "0", "0", "0"],
  ["Dawn M Tancredi", "    3", "3", "0", "2", "2", "3", "2", "2", "2", "1", "0", "0", "1", "1", "1", "0", "0", "0", "0", "0", "0", "0", "1", "0", "0", "0", "0", "0", "0", "0", "0"],
  ["Christian Dicicco", "    0", "1", "1", "0", "0", "1", "0", "1", "1", "0", "1", "2", "0", "0", "0", "0", "0", "0", "0", "2", "0", "1", "0", "0", "1", "0", "0", "0", "0", "0", "0"],
  ["Write In", "    0", "1", "0", "0", "0", "1", "0", "0", "0", "0", "0", "1", "1", "0", "0", "0", "1", "0", "0", "0", "0", "0", "1", "1", "0", "1", "0", "0", "0", "0", "0"],
  ["Total", "2,766", "2,592", "2,115", "1,989", "1,956", "1,943", "1,938", "1,819", "1,611", "839", "731", "699", "568", "563", "469", "467", "430", "417", "414", "286", "284", "247", "221", "202", "195", "127", "95", "6", "3", "2", "1"]
]
