[
  ["", "Vikki Kristiansson", "Stella Tsai", "Shanese Johnson", "Deborah Cianfrani", "Vincent Furlong", "Lucretia C Clemons", "Zac Shaffer", "Daniel R Sulman", "Rania Major", "David Conroy", "Vincent Melchiorre", "Deborah Canty", "Danyl S Patterson", "Wendi Barish", "Crystal B Powell", "Jennifer Schultz", "Henry Mc Sias", "Leon Goodman", "John Macoretta", "Mark B Cohen", "Lawrence J Bozzelli", "Brian Mclaughlin", "Terri M Booker", "Mark J Moore", "Leonard Deutchman", "Jon Marshall", "Bill Rice", "Matthew C Monroe", "Dawn M Tancredi", "Christian Dicicco"],
  ["Vikki Kristiansson", "28", "396", "255", "286", "352", "206", "197", "172", "181", "136", "123", "148", "110", "159", "112", "141", "163", "106", "140", "82", "131", "113", "51", "50", "28", "25", "11", "1", "2", "0"],
  ["Stella Tsai", "396", "31", "336", "382", "210", "243", "229", "261", "174", "187", "187", "147", "147", "156", "109", "148", "169", "100", "145", "68", "132", "118", "57", "47", "29", "23", "14", "1", "1", "0"],
  ["Shanese Johnson", "255", "336", "26", "331", "155", "190", "203", "206", "138", "177", "174", "111", "160", "92", "146", "98", "56", "64", "66", "79", "47", "51", "60", "35", "17", "25", "21", "1", "0", "1"],
  ["Deborah Cianfrani", "286", "382", "331", "12", "181", "167", "179", "188", "177", "164", "172", "99", "130", "93", "112", "97", "110", "50", "108", "62", "104", "97", "59", "23", "15", "14", "10", "2", "1", "0"],
  ["Vincent Furlong", "352", "210", "155", "181", "11", "57", "95", "97", "120", "90", "90", "46", "55", "28", "49", "38", "108", "56", "118", "53", "108", "105", "24", "16", "18", "18", "13", "1", "0", "1"],
  ["Lucretia C Clemons", "206", "243", "190", "167", "57", "4", "182", "147", "85", "133", "123", "124", "150", "145", "152", "118", "75", "90", "36", "63", "31", "34", "60", "61", "18", "23", "20", "1", "1", "1"],
  ["Zac Shaffer", "197", "229", "203", "179", "95", "182", "4", "232", "38", "202", "206", "51", "172", "81", "74", "54", "45", "69", "26", "48", "25", "22", "13", "33", "24", "17", "6", "3", "1", "0"],
  ["Daniel R Sulman", "172", "261", "206", "188", "97", "147", "232", "4", "31", "182", "193", "61", "144", "65", "56", "53", "51", "64", "34", "31", "34", "30", "16", "15", "21", "15", "8", "2", "0", "0"],
  ["Rania Major", "181", "174", "138", "177", "120", "85", "38", "31", "9", "21", "25", "88", "35", "86", "82", "74", "94", "34", "104", "65", "93", "99", "48", "15", "13", "13", "14", "0", "1", "0"],
  ["David Conroy", "136", "187", "177", "164", "90", "133", "202", "182", "21", "1", "173", "35", "162", "26", "64", "20", "17", "41", "17", "26", "12", "20", "14", "17", "7", "15", "5", "0", "1", "0"],
  ["Vincent Melchiorre", "123", "187", "174", "172", "90", "123", "206", "193", "25", "173", "1", "26", "142", "33", "51", "21", "14", "39", "12", "22", "12", "23", "12", "14", "18", "13", "5", "2", "0", "0"],
  ["Deborah Canty", "148", "147", "111", "99", "46", "124", "51", "61", "88", "35", "26", "8", "41", "132", "93", "121", "41", "71", "33", "50", "36", "30", "52", "29", "28", "18", "14", "2", "1", "0"],
  ["Danyl S Patterson", "110", "147", "160", "130", "55", "150", "172", "144", "35", "162", "142", "41", "3", "38", "83", "20", "12", "48", "10", "45", "11", "13", "20", "20", "9", "12", "11", "0", "1", "0"],
  ["Wendi Barish", "159", "156", "92", "93", "28", "145", "81", "65", "86", "26", "33", "132", "38", "1", "78", "139", "59", "69", "36", "47", "35", "30", "46", "39", "24", "18", "10", "3", "1", "0"],
  ["Crystal B Powell", "112", "109", "146", "112", "49", "152", "74", "56", "82", "64", "51", "93", "83", "78", "2", "78", "19", "58", "14", "51", "10", "17", "66", "27", "12", "20", "19", "1", "0", "1"],
  ["Jennifer Schultz", "141", "148", "98", "97", "38", "118", "54", "53", "74", "20", "21", "121", "20", "139", "78", "0", "57", "68", "36", "45", "32", "30", "50", "37", "24", "22", "17", "3", "1", "1"],
  ["Henry Mc Sias", "163", "169", "56", "110", "108", "75", "45", "51", "94", "17", "14", "41", "12", "59", "19", "57", "3", "48", "122", "44", "106", "94", "14", "31", "13", "9", "3", "0", "1", "0"],
  ["Leon Goodman", "106", "100", "64", "50", "56", "90", "69", "64", "34", "41", "39", "71", "48", "69", "58", "68", "48", "5", "42", "55", "28", "39", "39", "50", "30", "23", "14", "2", "0", "1"],
  ["John Macoretta", "140", "145", "66", "108", "118", "36", "26", "34", "104", "17", "12", "33", "10", "36", "14", "36", "122", "42", "3", "40", "106", "96", "13", "20", "19", "11", "8", "0", "0", "0"],
  ["Mark B Cohen", "82", "68", "79", "62", "53", "63", "48", "31", "65", "26", "22", "50", "45", "47", "51", "45", "44", "55", "40", "22", "36", "45", "33", "16", "13", "10", "13", "0", "0", "1"],
  ["Lawrence J Bozzelli", "131", "132", "47", "104", "108", "31", "25", "34", "93", "12", "12", "36", "11", "35", "10", "32", "106", "28", "106", "36", "5", "94", "7", "13", "15", "8", "5", "1", "1", "0"],
  ["Brian Mclaughlin", "113", "118", "51", "97", "105", "34", "22", "30", "99", "20", "23", "30", "13", "30", "17", "30", "94", "39", "96", "45", "94", "4", "16", "12", "10", "12", "7", "0", "0", "0"],
  ["Terri M Booker", "51", "57", "60", "59", "24", "60", "13", "16", "48", "14", "12", "52", "20", "46", "66", "50", "14", "39", "13", "33", "7", "16", "5", "23", "11", "14", "13", "1", "0", "0"],
  ["Mark J Moore", "50", "47", "35", "23", "16", "61", "33", "15", "15", "17", "14", "29", "20", "39", "27", "37", "31", "50", "20", "16", "13", "12", "23", "2", "13", "17", "9", "1", "1", "1"],
  ["Leonard Deutchman", "28", "29", "17", "15", "18", "18", "24", "21", "13", "7", "18", "28", "9", "24", "12", "24", "13", "30", "19", "13", "15", "10", "11", "13", "1", "11", "4", "3", "1", "0"],
  ["Jon Marshall", "25", "23", "25", "14", "18", "23", "17", "15", "13", "15", "13", "18", "12", "18", "20", "22", "9", "23", "11", "10", "8", "12", "14", "17", "11", "3", "12", "0", "0", "0"],
  ["Bill Rice", "11", "14", "21", "10", "13", "20", "6", "8", "14", "5", "5", "14", "11", "10", "19", "17", "3", "14", "8", "13", "5", "7", "13", "9", "4", "12", "2", "0", "0", "0"],
  ["Matthew C Monroe", "1", "1", "1", "2", "1", "1", "3", "2", "0", "0", "2", "2", "0", "3", "1", "3", "0", "2", "0", "0", "1", "0", "1", "1", "3", "0", "0", "0", "0", "0"],
  ["Dawn M Tancredi", "2", "1", "0", "1", "0", "1", "1", "0", "1", "1", "0", "1", "1", "1", "0", "1", "1", "0", "0", "0", "1", "0", "0", "1", "1", "0", "0", "0", "0", "0"],
  ["Christian Dicicco", "0", "0", "1", "0", "1", "1", "0", "0", "0", "0", "0", "0", "0", "0", "1", "1", "0", "1", "0", "1", "0", "0", "0", "1", "0", "0", "0", "0", "0", "0"],
  ["Total", "685", "630", "495", "482", "428", "388", "347", "324", "270", "257", "251", "245", "243", "241", "229", "226", "219", "215", "192", "189", "175", "171", "121", "96", "63", "60", "39", "4", "2", "1"]
]
