[
  ["", "Stella Tsai", "Vikki Kristiansson", "Deborah Cianfrani", "Lucretia C Clemons", "Jennifer Schultz", "Wendi Barish", "Deborah Canty", "Vincent Furlong", "Henry Mc Sias", "Zac Shaffer", "Shanese Johnson", "Daniel R Sulman", "Rania Major", "David Conroy", "Leon Goodman", "Vincent Melchiorre", "Brian Mclaughlin", "Lawrence J Bozzelli", "Mark B Cohen", "John Macoretta", "Crystal B Powell", "Leonard Deutchman", "Mark J Moore", "Terri M Booker", "Danyl S Patterson", "Jon Marshall", "Bill Rice", "Dawn M Tancredi", "Matthew C Monroe", "Betsy Wahl", "Write In"],
  ["Stella Tsai", "   32", "645", "554", "523", "487", "481", "436", "358", "360", "377", "404", "374", "283", "218", "190", "232", "181", "208", "136", "179", "173", "112", "89", "96", "124", "57", "16", "3", "2", "1", "1"],
  ["Vikki Kristiansson", "  645", "14", "342", "403", "453", "464", "405", "221", "336", "200", "208", "210", "262", "77", "185", "68", "168", "221", "119", "182", "120", "105", "84", "71", "30", "53", "16", "4", "2", "0", "0"],
  ["Deborah Cianfrani", "  554", "342", "21", "246", "277", "248", "233", "291", "162", "233", "393", "241", "266", "171", "81", "216", "138", "139", "117", "125", "170", "44", "41", "95", "113", "25", "18", "1", "0", "1", "0"],
  ["Lucretia C Clemons", "  523", "403", "246", "3", "386", "382", "314", "146", "276", "297", "220", "271", "108", "205", "168", "158", "65", "102", "64", "64", "144", "92", "128", "83", "90", "61", "15", "3", "1", "0", "0"],
  ["Jennifer Schultz", "  487", "453", "277", "386", "15", "481", "406", "126", "218", "177", "195", "149", "188", "67", "187", "66", "100", "122", "107", "82", "155", "121", "117", "111", "24", "60", "20", "2", "0", "0", "1"],
  ["Wendi Barish", "  481", "464", "248", "382", "481", "9", "405", "112", "241", "183", "176", "161", "172", "60", "180", "53", "91", "135", "82", "68", "131", "103", "109", "93", "24", "56", "11", "3", "1", "0", "0"],
  ["Deborah Canty", "  436", "405", "233", "314", "406", "405", "8", "125", "159", "131", "173", "114", "169", "80", "145", "57", "84", "122", "74", "70", "110", "109", "91", "73", "25", "60", "16", "3", "1", "0", "0"],
  ["Vincent Furlong", "  358", "221", "291", "146", "126", "112", "125", "51", "165", "180", "203", "189", "147", "154", "83", "150", "171", "152", "106", "148", "48", "54", "38", "35", "48", "36", "23", "0", "1", "0", "0"],
  ["Henry Mc Sias", "  360", "336", "162", "276", "218", "241", "159", "165", "23", "184", "70", "155", "124", "41", "152", "50", "135", "144", "88", "156", "46", "55", "84", "38", "24", "39", "10", "1", "1", "0", "0"],
  ["Zac Shaffer", "  377", "200", "233", "297", "177", "183", "131", "180", "184", "4", "192", "296", "54", "203", "110", "233", "64", "69", "67", "42", "54", "63", "49", "28", "107", "31", "13", "3", "1", "1", "0"],
  ["Shanese Johnson", "  404", "208", "393", "220", "195", "176", "173", "203", "70", "192", "3", "198", "180", "143", "45", "177", "44", "46", "78", "46", "140", "23", "15", "73", "99", "15", "17", "1", "0", "0", "0"],
  ["Daniel R Sulman", "  374", "210", "241", "271", "149", "161", "114", "189", "155", "296", "198", "2", "57", "189", "115", "208", "69", "71", "60", "68", "58", "45", "32", "23", "98", "28", "13", "2", "1", "1", "0"],
  ["Rania Major", "  283", "262", "266", "108", "188", "172", "169", "147", "124", "54", "180", "57", "9", "22", "54", "34", "106", "113", "90", "111", "96", "26", "13", "59", "19", "13", "13", "2", "0", "0", "1"],
  ["David Conroy", "  218", "77", "171", "205", "67", "60", "80", "154", "41", "203", "143", "189", "22", "7", "39", "183", "47", "37", "29", "27", "43", "50", "46", "22", "90", "39", "13", "0", "1", "0", "0"],
  ["Leon Goodman", "  190", "185", "81", "168", "187", "180", "145", "83", "152", "110", "45", "115", "54", "39", "7", "41", "60", "79", "67", "65", "45", "64", "73", "46", "14", "35", "15", "1", "1", "0", "0"],
  ["Vincent Melchiorre", "  232", "68", "216", "158", "66", "53", "57", "150", "50", "233", "177", "208", "34", "183", "41", "6", "45", "32", "40", "23", "54", "39", "15", "16", "100", "12", "16", "1", "1", "0", "0"],
  ["Brian Mclaughlin", "  181", "168", "138", "65", "100", "91", "84", "171", "135", "64", "44", "69", "106", "47", "60", "45", "13", "138", "85", "124", "24", "50", "36", "29", "18", "31", "17", "0", "0", "0", "0"],
  ["Lawrence J Bozzelli", "  208", "221", "139", "102", "122", "135", "122", "152", "144", "69", "46", "71", "113", "37", "79", "32", "138", "5", "68", "146", "10", "67", "31", "15", "10", "43", "9", "0", "0", "0", "0"],
  ["Mark B Cohen", "  136", "119", "117", "64", "107", "82", "74", "106", "88", "67", "78", "60", "90", "29", "67", "40", "85", "68", "15", "60", "43", "33", "16", "39", "29", "24", "17", "1", "0", "0", "0"],
  ["John Macoretta", "  179", "182", "125", "64", "82", "68", "70", "148", "156", "42", "46", "68", "111", "27", "65", "23", "124", "146", "60", "8", "7", "40", "28", "13", "8", "22", "6", "0", "1", "0", "0"],
  ["Crystal B Powell", "  173", "120", "170", "144", "155", "131", "110", "48", "46", "54", "140", "58", "96", "43", "45", "54", "24", "10", "43", "7", "2", "11", "32", "88", "53", "14", "13", "1", "0", "1", "0"],
  ["Leonard Deutchman", "  112", "105", "44", "92", "121", "103", "109", "54", "55", "63", "23", "45", "26", "50", "64", "39", "50", "67", "33", "40", "11", "4", "32", "11", "10", "45", "16", "0", "0", "0", "0"],
  ["Mark J Moore", "   89", "84", "41", "128", "117", "109", "91", "38", "84", "49", "15", "32", "13", "46", "73", "15", "36", "31", "16", "28", "32", "32", "2", "35", "14", "47", "14", "0", "1", "0", "0"],
  ["Terri M Booker", "   96", "71", "95", "83", "111", "93", "73", "35", "38", "28", "73", "23", "59", "22", "46", "16", "29", "15", "39", "13", "88", "11", "35", "1", "19", "11", "17", "0", "0", "0", "0"],
  ["Danyl S Patterson", "  124", "30", "113", "90", "24", "24", "25", "48", "24", "107", "99", "98", "19", "90", "14", "100", "18", "10", "29", "8", "53", "10", "14", "19", "1", "7", "11", "0", "0", "0", "0"],
  ["Jon Marshall", "   57", "53", "25", "61", "60", "56", "60", "36", "39", "31", "15", "28", "13", "39", "35", "12", "31", "43", "24", "22", "14", "45", "47", "11", "7", "1", "10", "0", "0", "1", "0"],
  ["Bill Rice", "   16", "16", "18", "15", "20", "11", "16", "23", "10", "13", "17", "13", "13", "13", "15", "16", "17", "9", "17", "6", "13", "16", "14", "17", "11", "10", "2", "0", "0", "0", "0"],
  ["Dawn M Tancredi", "    3", "4", "1", "3", "2", "3", "3", "0", "1", "3", "1", "2", "2", "0", "1", "1", "0", "0", "1", "0", "1", "0", "0", "0", "0", "0", "0", "0", "0", "0", "0"],
  ["Matthew C Monroe", "    2", "2", "0", "1", "0", "1", "1", "1", "1", "1", "0", "1", "0", "1", "1", "1", "0", "0", "0", "1", "0", "0", "1", "0", "0", "0", "0", "0", "0", "0", "0"],
  ["Betsy Wahl", "    1", "0", "1", "0", "0", "0", "0", "0", "0", "1", "0", "1", "0", "0", "0", "0", "0", "0", "0", "0", "1", "0", "0", "0", "0", "1", "0", "0", "0", "0", "0"],
  ["Write In", "    1", "0", "0", "0", "1", "0", "0", "0", "0", "0", "0", "0", "1", "0", "0", "0", "0", "0", "0", "0", "0", "0", "0", "0", "0", "0", "0", "0", "0", "0", "0"],
  ["Total", "1,068", "812", "715", "701", "683", "658", "573", "573", "524", "520", "496", "480", "379", "325", "325", "324", "314", "314", "268", "263", "252", "193", "175", "169", "158", "118", "55", "4", "2", "1", "1"]
]
