[
  ["", "Stella Tsai", "Vikki Kristiansson", "Shanese Johnson", "Deborah Canty", "Mark B Cohen", "Lucretia C Clemons", "Deborah Cianfrani", "Jennifer Schultz", "Zac Shaffer", "Leon Goodman", "Rania Major", "Wendi Barish", "Crystal B Powell", "John Macoretta", "Vincent Furlong", "Henry Mc Sias", "Daniel R Sulman", "Danyl S Patterson", "David Conroy", "Brian Mclaughlin", "Lawrence J Bozzelli", "Terri M Booker", "Vincent Melchiorre", "Leonard Deutchman", "Mark J Moore", "Jon Marshall", "Bill Rice", "Dawn M Tancredi", "Christian Dicicco", "Matthew C Monroe", "Betsy Wahl", "Write In"],
  ["Stella Tsai", "   63", "674", "512", "434", "271", "486", "587", "444", "372", "223", "400", "440", "311", "297", "286", "383", "374", "190", "202", "237", "255", "165", "184", "91", "107", "66", "44", "1", "2", "2", "0", "0"],
  ["Vikki Kristiansson", "  674", "35", "367", "551", "408", "468", "398", "433", "415", "357", "400", "420", "211", "411", "317", "361", "242", "245", "243", "206", "227", "123", "101", "207", "76", "45", "32", "0", "1", "1", "0", "0"],
  ["Shanese Johnson", "  512", "367", "63", "401", "319", "352", "476", "285", "239", "229", "391", "269", "396", "149", "197", "124", "209", "251", "159", "130", "107", "191", "168", "56", "98", "60", "62", "1", "3", "2", "0", "0"],
  ["Deborah Canty", "  434", "551", "401", "26", "371", "394", "303", "393", "311", "377", "278", "369", "289", "243", "199", "118", "163", "244", "231", "118", "101", "184", "95", "214", "139", "82", "64", "3", "1", "0", "1", "0"],
  ["Mark B Cohen", "  271", "408", "319", "371", "85", "233", "240", "213", "294", "320", "249", "155", "204", "265", "218", "123", "135", "235", "192", "165", "102", "119", "89", "167", "94", "48", "80", "2", "2", "0", "0", "0"],
  ["Lucretia C Clemons", "  486", "468", "352", "394", "233", "20", "233", "416", "271", "258", "243", "411", "297", "111", "120", "225", "210", "162", "133", "88", "80", "189", "78", "76", "182", "84", "57", "1", "2", "0", "0", "0"],
  ["Deborah Cianfrani", "  587", "398", "476", "303", "240", "233", "18", "285", "187", "119", "370", "260", "297", "216", "247", "224", "205", "165", "144", "203", "190", "161", "160", "49", "76", "43", "33", "2", "2", "1", "0", "0"],
  ["Jennifer Schultz", "  444", "433", "285", "393", "213", "416", "285", "26", "188", "198", "218", "431", "206", "106", "136", "201", "187", "72", "89", "104", "83", "158", "88", "97", "131", "55", "43", "1", "0", "0", "0", "0"],
  ["Zac Shaffer", "  372", "415", "239", "311", "294", "271", "187", "188", "7", "315", "127", "212", "227", "190", "95", "164", "300", "314", "295", "57", "63", "50", "189", "190", "57", "50", "28", "1", "1", "2", "0", "0"],
  ["Leon Goodman", "  223", "357", "229", "377", "320", "258", "119", "198", "315", "25", "148", "173", "193", "241", "149", "132", "150", "241", "222", "108", "85", "123", "81", "211", "143", "64", "50", "4", "0", "1", "1", "0"],
  ["Rania Major", "  400", "400", "391", "278", "249", "243", "370", "218", "127", "148", "15", "212", "220", "197", "254", "196", "84", "95", "39", "205", "195", "138", "68", "48", "68", "45", "47", "1", "0", "1", "0", "0"],
  ["Wendi Barish", "  440", "420", "269", "369", "155", "411", "260", "431", "212", "173", "212", "8", "192", "99", "97", "202", "188", "74", "69", "69", "93", "129", "66", "82", "103", "55", "26", "0", "2", "1", "0", "0"],
  ["Crystal B Powell", "  311", "211", "396", "289", "204", "297", "297", "206", "227", "193", "220", "192", "16", "51", "98", "62", "151", "257", "176", "63", "23", "192", "148", "23", "113", "64", "59", "1", "1", "1", "0", "0"],
  ["John Macoretta", "  297", "411", "149", "243", "265", "111", "216", "106", "190", "241", "197", "99", "51", "13", "219", "215", "92", "137", "160", "175", "209", "39", "51", "176", "36", "37", "28", "1", "0", "1", "0", "0"],
  ["Vincent Furlong", "  286", "317", "197", "199", "218", "120", "247", "136", "95", "149", "254", "97", "98", "219", "17", "188", "91", "51", "74", "198", "192", "71", "99", "56", "48", "43", "40", "3", "0", "2", "0", "0"],
  ["Henry Mc Sias", "  383", "361", "124", "118", "123", "225", "224", "201", "164", "132", "196", "202", "62", "215", "188", "7", "169", "34", "46", "171", "190", "70", "44", "42", "70", "32", "18", "0", "0", "0", "0", "0"],
  ["Daniel R Sulman", "  374", "242", "209", "163", "135", "210", "205", "187", "300", "150", "84", "188", "151", "92", "91", "169", "5", "150", "161", "63", "57", "35", "170", "70", "38", "29", "19", "1", "0", "1", "0", "0"],
  ["Danyl S Patterson", "  190", "245", "251", "244", "235", "162", "165", "72", "314", "241", "95", "74", "257", "137", "51", "34", "150", "9", "291", "57", "26", "63", "128", "117", "66", "40", "26", "0", "3", "1", "0", "0"],
  ["David Conroy", "  202", "243", "159", "231", "192", "133", "144", "89", "295", "222", "39", "69", "176", "160", "74", "46", "161", "291", "0", "47", "40", "35", "130", "147", "53", "30", "18", "1", "1", "2", "0", "0"],
  ["Brian Mclaughlin", "  237", "206", "130", "118", "165", "88", "203", "104", "57", "108", "205", "69", "63", "175", "198", "171", "63", "57", "47", "18", "189", "56", "41", "41", "45", "31", "38", "2", "1", "1", "0", "0"],
  ["Lawrence J Bozzelli", "  255", "227", "107", "101", "102", "80", "190", "83", "63", "85", "195", "93", "23", "209", "192", "190", "57", "26", "40", "189", "5", "22", "33", "53", "39", "32", "23", "1", "0", "1", "0", "0"],
  ["Terri M Booker", "  165", "123", "191", "184", "119", "189", "161", "158", "50", "123", "138", "129", "192", "39", "71", "70", "35", "63", "35", "56", "22", "8", "39", "25", "99", "53", "62", "1", "1", "0", "0", "0"],
  ["Vincent Melchiorre", "  184", "101", "168", "95", "89", "78", "160", "88", "189", "81", "68", "66", "148", "51", "99", "44", "170", "128", "130", "41", "33", "39", "6", "52", "39", "27", "22", "2", "0", "0", "1", "0"],
  ["Leonard Deutchman", "   91", "207", "56", "214", "167", "76", "49", "97", "190", "211", "48", "82", "23", "176", "56", "42", "70", "117", "147", "41", "53", "25", "52", "2", "37", "32", "18", "3", "0", "0", "1", "0"],
  ["Mark J Moore", "  107", "76", "98", "139", "94", "182", "76", "131", "57", "143", "68", "103", "113", "36", "48", "70", "38", "66", "53", "45", "39", "99", "39", "37", "8", "59", "42", "2", "0", "0", "1", "1"],
  ["Jon Marshall", "   66", "45", "60", "82", "48", "84", "43", "55", "50", "64", "45", "55", "64", "37", "43", "32", "29", "40", "30", "31", "32", "53", "27", "32", "59", "5", "44", "3", "1", "1", "1", "0"],
  ["Bill Rice", "   44", "32", "62", "64", "80", "57", "33", "43", "28", "50", "47", "26", "59", "28", "40", "18", "19", "26", "18", "38", "23", "62", "22", "18", "42", "44", "2", "3", "0", "0", "1", "1"],
  ["Dawn M Tancredi", "    1", "0", "1", "3", "2", "1", "2", "1", "1", "4", "1", "0", "1", "1", "3", "0", "1", "0", "1", "2", "1", "1", "2", "3", "2", "3", "3", "0", "0", "1", "1", "0"],
  ["Christian Dicicco", "    2", "1", "3", "1", "2", "2", "2", "0", "1", "0", "0", "2", "1", "0", "0", "0", "0", "3", "1", "1", "0", "1", "0", "0", "0", "1", "0", "0", "0", "0", "0", "0"],
  ["Matthew C Monroe", "    2", "1", "2", "0", "0", "0", "1", "0", "2", "1", "1", "1", "1", "1", "2", "0", "1", "1", "2", "1", "1", "0", "0", "0", "0", "1", "0", "1", "0", "0", "0", "0"],
  ["Betsy Wahl", "    0", "0", "0", "1", "0", "0", "0", "0", "0", "1", "0", "0", "0", "0", "0", "0", "0", "0", "0", "0", "0", "0", "1", "1", "1", "1", "1", "1", "0", "0", "1", "0"],
  ["Write In", "    0", "0", "0", "0", "0", "0", "0", "0", "0", "0", "0", "0", "0", "0", "0", "0", "0", "0", "0", "0", "0", "0", "0", "0", "1", "0", "1", "0", "0", "0", "0", "0"],
  ["Total", "1,211", "1,161", "963", "951", "880", "879", "826", "773", "729", "718", "697", "671", "646", "592", "560", "529", "528", "519", "466", "417", "377", "364", "355", "321", "294", "176", "146", "6", "4", "3", "2", "1"]
]
