[
  ["", "Deborah Canty", "Shanese Johnson", "Crystal B Powell", "Vikki Kristiansson", "Lucretia C Clemons", "Mark B Cohen", "Zac Shaffer", "Deborah Cianfrani", "Danyl S Patterson", "Stella Tsai", "David Conroy", "Leon Goodman", "Rania Major", "Daniel R Sulman", "Vincent Melchiorre", "John Macoretta", "Vincent Furlong", "Brian Mclaughlin", "Jennifer Schultz", "Henry Mc Sias", "Lawrence J Bozzelli", "Terri M Booker", "Mark J Moore", "Wendi Barish", "Leonard Deutchman", "Jon Marshall", "Bill Rice", "Christian Dicicco", "Dawn M Tancredi", "Betsy Wahl", "Matthew C Monroe"],
  ["Deborah Canty", "79", "475", "441", "294", "399", "299", "372", "199", "384", "203", "355", "261", "202", "269", "242", "132", "116", "81", "190", "88", "84", "138", "120", "132", "155", "60", "53", "4", "1", "1", "1"],
  ["Shanese Johnson", "475", "67", "458", "252", "410", "211", "296", "287", "298", "244", "299", "201", "242", "235", "232", "88", "146", "98", "138", "91", "102", "138", "107", "110", "56", "49", "63", "3", "1", "1", "0"],
  ["Crystal B Powell", "441", "458", "26", "169", "436", "169", "288", "194", "338", "146", "336", "202", "133", "217", "211", "36", "68", "57", "124", "45", "35", "160", "119", "97", "38", "51", "56", "3", "0", "0", "0"],
  ["Vikki Kristiansson", "294", "252", "169", "23", "145", "256", "207", "287", "155", "266", "179", "208", "261", "53", "49", "245", "176", "132", "133", "180", "172", "70", "42", "94", "123", "28", "17", "0", "0", "0", "2"],
  ["Lucretia C Clemons", "399", "410", "436", "145", "11", "112", "276", "172", "298", "130", "314", "179", "97", "217", "224", "25", "41", "48", "105", "53", "22", "124", "114", "100", "26", "49", "40", "3", "0", "0", "0"],
  ["Mark B Cohen", "299", "211", "169", "256", "112", "60", "149", "170", "151", "143", "141", "224", "197", "82", "57", "170", "143", "118", "117", "117", "115", "93", "64", "53", "121", "42", "48", "1", "1", "0", "1"],
  ["Zac Shaffer", "372", "296", "288", "207", "276", "149", "17", "121", "295", "92", "339", "213", "61", "234", "254", "104", "49", "34", "48", "31", "32", "34", "49", "47", "101", "22", "20", "2", "0", "0", "1"],
  ["Deborah Cianfrani", "199", "287", "194", "287", "172", "170", "121", "20", "57", "274", "103", "153", "258", "62", "52", "145", "197", "144", "132", "167", "154", "97", "57", "109", "34", "28", "36", "0", "1", "1", "1"],
  ["Danyl S Patterson", "384", "298", "338", "155", "298", "151", "295", "57", "25", "75", "351", "162", "56", "189", "206", "88", "34", "31", "37", "24", "17", "60", "67", "41", "90", "32", "23", "2", "0", "0", "0"],
  ["Stella Tsai", "203", "244", "146", "266", "130", "143", "92", "274", "75", "64", "67", "89", "256", "80", "66", "151", "176", "137", "120", "155", "141", "76", "52", "105", "30", "23", "25", "1", "0", "0", "1"],
  ["David Conroy", "355", "299", "336", "179", "314", "141", "339", "103", "351", "67", "1", "183", "43", "197", "208", "84", "32", "26", "36", "21", "9", "42", "41", "16", "91", "23", "18", "3", "0", "1", "1"],
  ["Leon Goodman", "261", "201", "202", "208", "179", "224", "213", "153", "162", "89", "183", "13", "106", "78", "58", "137", "81", "70", "91", "63", "47", "108", "107", "92", "117", "48", "44", "1", "0", "1", "1"],
  ["Rania Major", "202", "242", "133", "261", "97", "197", "61", "258", "56", "256", "43", "106", "23", "61", "41", "140", "189", "163", "129", "168", "194", "94", "58", "77", "53", "39", "34", "2", "1", "0", "1"],
  ["Daniel R Sulman", "269", "235", "217", "53", "217", "82", "234", "62", "189", "80", "197", "78", "61", "7", "210", "39", "44", "40", "59", "30", "29", "34", "41", "56", "46", "16", "13", "2", "1", "0", "1"],
  ["Vincent Melchiorre", "242", "232", "211", "49", "224", "57", "254", "52", "206", "66", "208", "58", "41", "210", "3", "24", "35", "19", "29", "16", "19", "30", "40", "31", "38", "17", "14", "2", "2", "0", "0"],
  ["John Macoretta", "132", "88", "36", "245", "25", "170", "104", "145", "88", "151", "84", "137", "140", "39", "24", "18", "146", "121", "36", "137", "133", "15", "19", "32", "92", "17", "11", "1", "0", "1", "2"],
  ["Vincent Furlong", "116", "146", "68", "176", "41", "143", "49", "197", "34", "176", "32", "81", "189", "44", "35", "146", "6", "135", "56", "140", "134", "43", "24", "43", "26", "27", "24", "0", "1", "1", "0"],
  ["Brian Mclaughlin", "81", "98", "57", "132", "48", "118", "34", "144", "31", "137", "26", "70", "163", "40", "19", "121", "135", "28", "44", "128", "123", "35", "26", "24", "22", "28", "21", "1", "1", "0", "0"],
  ["Jennifer Schultz", "190", "138", "124", "133", "105", "117", "48", "132", "37", "120", "36", "91", "129", "59", "29", "36", "56", "44", "4", "78", "65", "88", "45", "118", "56", "19", "15", "0", "0", "0", "0"],
  ["Henry Mc Sias", "88", "91", "45", "180", "53", "117", "31", "167", "24", "155", "21", "63", "168", "30", "16", "137", "140", "128", "78", "9", "154", "36", "35", "39", "44", "10", "8", "0", "0", "0", "1"],
  ["Lawrence J Bozzelli", "84", "102", "35", "172", "22", "115", "32", "154", "17", "141", "9", "47", "194", "29", "19", "133", "134", "123", "65", "154", "0", "23", "26", "17", "40", "15", "19", "0", "1", "0", "1"],
  ["Terri M Booker", "138", "138", "160", "70", "124", "93", "34", "97", "60", "76", "42", "108", "94", "34", "30", "15", "43", "35", "88", "36", "23", "8", "82", "70", "18", "47", "47", "1", "0", "0", "0"],
  ["Mark J Moore", "120", "107", "119", "42", "114", "64", "49", "57", "67", "52", "41", "107", "58", "41", "40", "19", "24", "26", "45", "35", "26", "82", "7", "51", "15", "25", "29", "3", "0", "0", "0"],
  ["Wendi Barish", "132", "110", "97", "94", "100", "53", "47", "109", "41", "105", "16", "92", "77", "56", "31", "32", "43", "24", "118", "39", "17", "70", "51", "4", "29", "20", "12", "0", "1", "0", "0"],
  ["Leonard Deutchman", "155", "56", "38", "123", "26", "121", "101", "34", "90", "30", "91", "117", "53", "46", "38", "92", "26", "22", "56", "44", "40", "18", "15", "29", "2", "12", "9", "0", "2", "0", "1"],
  ["Jon Marshall", "60", "49", "51", "28", "49", "42", "22", "28", "32", "23", "23", "48", "39", "16", "17", "17", "27", "28", "19", "10", "15", "47", "25", "20", "12", "2", "21", "1", "0", "1", "0"],
  ["Bill Rice", "53", "63", "56", "17", "40", "48", "20", "36", "23", "25", "18", "44", "34", "13", "14", "11", "24", "21", "15", "8", "19", "47", "29", "12", "9", "21", "1", "1", "0", "0", "0"],
  ["Christian Dicicco", "4", "3", "3", "0", "3", "1", "2", "0", "2", "1", "3", "1", "2", "2", "2", "1", "0", "1", "0", "0", "0", "1", "3", "0", "0", "1", "1", "0", "0", "0", "0"],
  ["Dawn M Tancredi", "1", "1", "0", "0", "0", "1", "0", "1", "0", "0", "0", "0", "1", "1", "2", "0", "1", "1", "0", "0", "1", "0", "0", "1", "2", "0", "0", "0", "0", "0", "0"],
  ["Betsy Wahl", "1", "1", "0", "0", "0", "0", "0", "1", "0", "0", "1", "1", "0", "0", "0", "1", "1", "0", "0", "0", "0", "0", "0", "0", "0", "1", "0", "0", "0", "1", "0"],
  ["Matthew C Monroe", "1", "0", "0", "2", "0", "1", "1", "1", "0", "1", "1", "1", "1", "1", "0", "2", "0", "0", "0", "1", "1", "0", "0", "0", "1", "0", "0", "0", "0", "0", "0"],
  ["Total", "953", "886", "715", "632", "621", "587", "569", "559", "549", "538", "501", "495", "494", "391", "359", "347", "335", "314", "293", "287", "262", "261", "226", "226", "204", "108", "102", "5", "4", "2", "2"]
]
