[
  ["", "Marissa Brumbach", "Matt Wolf", "Sherman Toppin", "George Twardy", "Jon Marshall", "Bill Rice", "Christian Dicicco", "Betsy Wahl", "Write In"],
  ["Marissa Brumbach", "  259", "384", "159", "267", "85", "39", "0", "0", "0"],
  ["Matt Wolf", "  384", "249", "88", "78", "72", "22", "1", "0", "0"],
  ["Sherman Toppin", "  159", "88", "155", "46", "40", "23", "0", "0", "0"],
  ["George Twardy", "  267", "78", "46", "50", "20", "3", "1", "1", "0"],
  ["Jon Marshall", "   85", "72", "40", "20", "46", "25", "0", "1", "0"],
  ["Bill Rice", "   39", "22", "23", "3", "25", "9", "0", "0", "0"],
  ["Christian Dicicco", "    0", "1", "0", "1", "0", "0", "2", "1", "0"],
  ["Betsy Wahl", "    0", "0", "0", "1", "1", "0", "1", "1", "0"],
  ["Write In", "    0", "0", "0", "0", "0", "0", "0", "0", "2"],
  ["Total", "1,193", "894", "511", "466", "289", "121", "5", "4", "2"]
]
