[
  ["", "Stella Tsai", "Deborah Cianfrani", "Shanese Johnson", "Lucretia C Clemons", "Vikki Kristiansson", "Zac Shaffer", "Crystal B Powell", "Vincent Furlong", "Deborah Canty", "Rania Major", "Mark B Cohen", "Leon Goodman", "David Conroy", "John Macoretta", "Henry Mc Sias", "Daniel R Sulman", "Wendi Barish", "Brian Mclaughlin", "Lawrence J Bozzelli", "Jennifer Schultz", "Vincent Melchiorre", "Danyl S Patterson", "Terri M Booker", "Mark J Moore", "Leonard Deutchman", "Jon Marshall", "Bill Rice", "Dawn M Tancredi", "Betsy Wahl", "Christian Dicicco", "Matthew C Monroe"],
  ["Stella Tsai", "46", "333", "250", "222", "249", "175", "138", "272", "154", "204", "96", "82", "113", "151", "182", "171", "112", "132", "145", "108", "116", "39", "45", "37", "37", "29", "21", "0", "1", "0", "0"],
  ["Deborah Cianfrani", "333", "16", "286", "199", "220", "161", "184", "270", "116", "198", "93", "89", "134", "135", "151", "131", "91", "125", "132", "83", "113", "44", "53", "34", "21", "18", "16", "0", "1", "1", "0"],
  ["Shanese Johnson", "250", "286", "32", "216", "148", "178", "209", "208", "139", "139", "110", "102", "129", "77", "61", "120", "90", "62", "66", "75", "119", "63", "66", "40", "19", "22", "25", "0", "1", "0", "0"],
  ["Lucretia C Clemons", "222", "199", "216", "24", "187", "235", "246", "129", "142", "73", "76", "130", "182", "36", "75", "133", "123", "35", "31", "97", "114", "72", "69", "61", "26", "24", "28", "1", "1", "0", "0"],
  ["Vikki Kristiansson", "249", "220", "148", "187", "22", "181", "134", "151", "171", "170", "113", "135", "143", "177", "162", "66", "99", "117", "128", "92", "36", "75", "28", "24", "62", "13", "10", "0", "0", "1", "0"],
  ["Zac Shaffer", "175", "161", "178", "235", "181", "9", "187", "134", "121", "47", "91", "144", "205", "64", "43", "144", "73", "31", "18", "44", "138", "86", "21", "19", "53", "15", "11", "2", "1", "1", "1"],
  ["Crystal B Powell", "138", "184", "209", "246", "134", "187", "16", "123", "121", "75", "83", "107", "159", "26", "38", "91", "80", "31", "15", "68", "93", "78", "82", "45", "7", "22", "25", "0", "0", "0", "0"],
  ["Vincent Furlong", "272", "270", "208", "129", "151", "134", "123", "15", "79", "159", "94", "60", "98", "129", "123", "124", "34", "121", "120", "34", "116", "30", "25", "24", "18", "17", "21", "1", "1", "1", "0"],
  ["Deborah Canty", "154", "116", "139", "142", "171", "121", "121", "79", "32", "109", "139", "136", "92", "70", "49", "66", "127", "39", "41", "121", "53", "86", "60", "38", "72", "28", "27", "2", "0", "1", "0"],
  ["Rania Major", "204", "198", "139", "73", "170", "47", "75", "159", "109", "15", "97", "60", "27", "125", "116", "37", "64", "134", "126", "72", "27", "30", "47", "25", "17", "17", "19", "0", "0", "0", "0"],
  ["Mark B Cohen", "96", "93", "110", "76", "113", "91", "83", "94", "139", "97", "32", "113", "71", "76", "42", "49", "39", "59", "49", "49", "38", "75", "41", "30", "43", "23", "24", "0", "0", "0", "0"],
  ["Leon Goodman", "82", "89", "102", "130", "135", "144", "107", "60", "136", "60", "113", "10", "112", "80", "50", "54", "72", "38", "34", "50", "31", "90", "50", "50", "66", "21", "19", "2", "0", "0", "1"],
  ["David Conroy", "113", "134", "129", "182", "143", "205", "159", "98", "92", "27", "71", "112", "3", "53", "17", "90", "26", "23", "15", "24", "79", "75", "19", "22", "42", "12", "9", "0", "0", "0", "0"],
  ["John Macoretta", "151", "135", "77", "36", "177", "64", "26", "129", "70", "125", "76", "80", "53", "7", "131", "25", "32", "115", "123", "22", "21", "38", "9", "14", "55", "9", "6", "1", "0", "0", "0"],
  ["Henry Mc Sias", "182", "151", "61", "75", "162", "43", "38", "123", "49", "116", "42", "50", "17", "131", "7", "45", "65", "106", "119", "43", "22", "17", "26", "28", "19", "6", "11", "0", "0", "0", "0"],
  ["Daniel R Sulman", "171", "131", "120", "133", "66", "144", "91", "124", "66", "37", "49", "54", "90", "25", "45", "5", "56", "27", "30", "43", "106", "27", "15", "19", "25", "10", "9", "1", "1", "1", "1"],
  ["Wendi Barish", "112", "91", "90", "123", "99", "73", "80", "34", "127", "64", "39", "72", "26", "32", "65", "56", "4", "26", "35", "109", "45", "30", "43", "37", "29", "13", "14", "1", "0", "0", "1"],
  ["Brian Mclaughlin", "132", "125", "62", "35", "117", "31", "31", "121", "39", "134", "59", "38", "23", "115", "106", "27", "26", "18", "117", "16", "14", "21", "13", "17", "12", "14", "10", "0", "0", "0", "0"],
  ["Lawrence J Bozzelli", "145", "132", "66", "31", "128", "18", "15", "120", "41", "126", "49", "34", "15", "123", "119", "30", "35", "117", "6", "30", "13", "13", "8", "11", "15", "12", "6", "0", "0", "0", "0"],
  ["Jennifer Schultz", "108", "83", "75", "97", "92", "44", "68", "34", "121", "72", "49", "50", "24", "22", "43", "43", "109", "16", "30", "2", "28", "23", "41", "34", "27", "16", "8", "1", "0", "0", "0"],
  ["Vincent Melchiorre", "116", "113", "119", "114", "36", "138", "93", "116", "53", "27", "38", "31", "79", "21", "22", "106", "45", "14", "13", "28", "4", "25", "14", "9", "19", "10", "14", "2", "1", "1", "0"],
  ["Danyl S Patterson", "39", "44", "63", "72", "75", "86", "78", "30", "86", "30", "75", "90", "75", "38", "17", "27", "30", "21", "13", "23", "25", "9", "25", "18", "34", "16", "11", "1", "0", "0", "0"],
  ["Terri M Booker", "45", "53", "66", "69", "28", "21", "82", "25", "60", "47", "41", "50", "19", "9", "26", "15", "43", "13", "8", "41", "14", "25", "6", "38", "10", "17", "18", "0", "0", "0", "0"],
  ["Mark J Moore", "37", "34", "40", "61", "24", "19", "45", "24", "38", "25", "30", "50", "22", "14", "28", "19", "37", "17", "11", "34", "9", "18", "38", "6", "14", "14", "11", "0", "0", "0", "0"],
  ["Leonard Deutchman", "37", "21", "19", "26", "62", "53", "7", "18", "72", "17", "43", "66", "42", "55", "19", "25", "29", "12", "15", "27", "19", "34", "10", "14", "0", "4", "4", "2", "0", "0", "0"],
  ["Jon Marshall", "29", "18", "22", "24", "13", "15", "22", "17", "28", "17", "23", "21", "12", "9", "6", "10", "13", "14", "12", "16", "10", "16", "17", "14", "4", "1", "13", "1", "0", "0", "0"],
  ["Bill Rice", "21", "16", "25", "28", "10", "11", "25", "21", "27", "19", "24", "19", "9", "6", "11", "9", "14", "10", "6", "8", "14", "11", "18", "11", "4", "13", "1", "0", "0", "1", "0"],
  ["Dawn M Tancredi", "0", "0", "0", "1", "0", "2", "0", "1", "2", "0", "0", "2", "0", "1", "0", "1", "1", "0", "0", "1", "2", "1", "0", "0", "2", "1", "0", "0", "0", "0", "0"],
  ["Betsy Wahl", "1", "1", "1", "1", "0", "1", "0", "1", "0", "0", "0", "0", "0", "0", "0", "1", "0", "0", "0", "0", "1", "0", "0", "0", "0", "0", "0", "0", "0", "0", "0"],
  ["Christian Dicicco", "0", "1", "0", "0", "1", "1", "0", "1", "1", "0", "0", "0", "0", "0", "0", "1", "0", "0", "0", "0", "1", "0", "0", "0", "0", "0", "1", "0", "0", "0", "0"],
  ["Matthew C Monroe", "0", "0", "0", "0", "0", "1", "0", "0", "0", "0", "0", "1", "0", "0", "0", "1", "1", "0", "0", "0", "0", "0", "0", "0", "0", "0", "0", "0", "0", "0", "0"],
  ["Total", "565", "498", "478", "472", "468", "402", "398", "386", "383", "320", "308", "297", "285", "253", "250", "247", "225", "221", "201", "198", "194", "177", "130", "105", "102", "63", "53", "3", "1", "1", "1"]
]
