[
  ["", "Vikki Kristiansson", "David Conroy", "Stella Tsai", "Vincent Furlong", "Lawrence J Bozzelli", "Deborah Cianfrani", "Vincent Melchiorre", "Zac Shaffer", "Jennifer Schultz", "John Macoretta", "Deborah Canty", "Wendi Barish", "Lucretia C Clemons", "Henry Mc Sias", "Daniel R Sulman", "Brian Mclaughlin", "Rania Major", "Mark B Cohen", "Leon Goodman", "Crystal B Powell", "Shanese Johnson", "Leonard Deutchman", "Terri M Booker", "Mark J Moore", "Danyl S Patterson", "Jon Marshall", "Bill Rice", "Matthew C Monroe", "Dawn M Tancredi", "Betsy Wahl", "Christian Dicicco"],
  ["Vikki Kristiansson", "   21", "609", "944", "770", "648", "586", "496", "719", "628", "553", "606", "584", "551", "528", "510", "355", "502", "250", "278", "365", "287", "144", "138", "138", "86", "82", "30", "1", "1", "1", "1"],
  ["David Conroy", "  609", "343", "239", "617", "442", "250", "616", "606", "155", "325", "166", "141", "240", "102", "395", "181", "152", "146", "139", "276", "74", "90", "57", "90", "82", "63", "49", "1", "1", "1", "0"],
  ["Stella Tsai", "  944", "239", "63", "378", "465", "572", "206", "377", "656", "389", "627", "625", "600", "567", "372", "362", "423", "244", "312", "176", "345", "151", "148", "128", "109", "86", "44", "3", "0", "0", "1"],
  ["Vincent Furlong", "  770", "617", "378", "38", "603", "430", "578", "518", "191", "490", "205", "160", "142", "253", "371", "343", "313", "229", "135", "264", "153", "81", "67", "63", "48", "46", "49", "1", "1", "0", "0"],
  ["Lawrence J Bozzelli", "  648", "442", "465", "603", "37", "490", "440", "377", "265", "525", "267", "247", "193", "305", "277", "392", "340", "241", "192", "95", "136", "127", "49", "72", "29", "77", "41", "1", "0", "0", "0"],
  ["Deborah Cianfrani", "  586", "250", "572", "430", "490", "59", "367", "243", "384", "350", "347", "303", "207", "277", "212", "352", "514", "295", "121", "176", "311", "69", "146", "57", "55", "38", "47", "2", "0", "0", "1"],
  ["Vincent Melchiorre", "  496", "616", "206", "578", "440", "367", "87", "554", "136", "270", "125", "104", "155", "98", "387", "175", "188", "173", "114", "259", "86", "67", "53", "45", "68", "36", "45", "1", "0", "0", "0"],
  ["Zac Shaffer", "  719", "606", "377", "518", "377", "243", "554", "10", "249", "286", "230", "242", "332", "232", "498", "163", "172", "180", "194", "266", "106", "95", "49", "81", "97", "64", "30", "0", "1", "1", "0"],
  ["Jennifer Schultz", "  628", "155", "656", "191", "265", "384", "136", "249", "17", "183", "594", "574", "453", "329", "197", "207", "262", "184", "223", "182", "233", "147", "149", "140", "40", "77", "38", "0", "0", "0", "1"],
  ["John Macoretta", "  553", "325", "389", "490", "525", "350", "270", "286", "183", "26", "184", "152", "149", "290", "147", "323", "215", "203", "141", "68", "106", "83", "47", "65", "30", "49", "25", "1", "2", "1", "0"],
  ["Deborah Canty", "  606", "166", "627", "205", "267", "347", "125", "230", "594", "184", "5", "542", "421", "251", "194", "199", "251", "169", "229", "169", "234", "156", "140", "119", "64", "86", "32", "0", "0", "0", "1"],
  ["Wendi Barish", "  584", "141", "625", "160", "247", "303", "104", "242", "574", "152", "542", "12", "465", "304", "218", "148", "211", "120", "223", "144", "205", "124", "122", "139", "55", "74", "23", "1", "0", "0", "1"],
  ["Lucretia C Clemons", "  551", "240", "600", "142", "193", "207", "155", "332", "453", "149", "421", "465", "8", "342", "245", "89", "130", "95", "231", "187", "160", "115", "118", "158", "107", "89", "32", "0", "0", "0", "1"],
  ["Henry Mc Sias", "  528", "102", "567", "253", "305", "277", "98", "232", "329", "290", "251", "304", "342", "38", "216", "276", "211", "192", "182", "50", "124", "86", "54", "89", "55", "39", "22", "2", "0", "0", "0"],
  ["Daniel R Sulman", "  510", "395", "372", "371", "277", "212", "387", "498", "197", "147", "194", "218", "245", "216", "11", "137", "155", "130", "174", "180", "82", "91", "29", "47", "73", "51", "30", "2", "0", "0", "0"],
  ["Brian Mclaughlin", "  355", "181", "362", "343", "392", "352", "175", "163", "207", "323", "199", "148", "89", "276", "137", "34", "216", "223", "145", "44", "126", "89", "55", "66", "37", "60", "53", "2", "0", "0", "0"],
  ["Rania Major", "  502", "152", "423", "313", "340", "514", "188", "172", "262", "215", "251", "211", "130", "211", "155", "216", "15", "168", "78", "119", "250", "46", "80", "16", "20", "25", "23", "1", "0", "0", "0"],
  ["Mark B Cohen", "  250", "146", "244", "229", "241", "295", "173", "180", "184", "203", "169", "120", "95", "192", "130", "223", "168", "42", "106", "70", "128", "60", "62", "42", "53", "29", "39", "2", "1", "0", "0"],
  ["Leon Goodman", "  278", "139", "312", "135", "192", "121", "114", "194", "223", "141", "229", "223", "231", "182", "174", "145", "78", "106", "9", "62", "84", "107", "61", "129", "52", "61", "26", "2", "1", "0", "0"],
  ["Crystal B Powell", "  365", "276", "176", "264", "95", "176", "259", "266", "182", "68", "169", "144", "187", "50", "180", "44", "119", "70", "62", "2", "130", "16", "129", "52", "53", "20", "25", "0", "0", "1", "0"],
  ["Shanese Johnson", "  287", "74", "345", "153", "136", "311", "86", "106", "233", "106", "234", "205", "160", "124", "82", "126", "250", "128", "84", "130", "29", "29", "111", "17", "48", "21", "25", "1", "0", "0", "0"],
  ["Leonard Deutchman", "  144", "90", "151", "81", "127", "69", "67", "95", "147", "83", "156", "124", "115", "86", "91", "89", "46", "60", "107", "16", "29", "2", "24", "56", "17", "45", "15", "1", "0", "0", "0"],
  ["Terri M Booker", "  138", "57", "148", "67", "49", "146", "53", "49", "149", "47", "140", "122", "118", "54", "29", "55", "80", "62", "61", "129", "111", "24", "6", "55", "50", "30", "34", "0", "0", "1", "1"],
  ["Mark J Moore", "  138", "90", "128", "63", "72", "57", "45", "81", "140", "65", "119", "139", "158", "89", "47", "66", "16", "42", "129", "52", "17", "56", "55", "6", "38", "62", "23", "0", "0", "1", "0"],
  ["Danyl S Patterson", "   86", "82", "109", "48", "29", "55", "68", "97", "40", "30", "64", "55", "107", "55", "73", "37", "20", "53", "52", "53", "48", "17", "50", "38", "4", "18", "18", "0", "0", "1", "0"],
  ["Jon Marshall", "   82", "63", "86", "46", "77", "38", "36", "64", "77", "49", "86", "74", "89", "39", "51", "60", "25", "29", "61", "20", "21", "45", "30", "62", "18", "0", "24", "2", "0", "0", "0"],
  ["Bill Rice", "   30", "49", "44", "49", "41", "47", "45", "30", "38", "25", "32", "23", "32", "22", "30", "53", "23", "39", "26", "25", "25", "15", "34", "23", "18", "24", "1", "1", "0", "0", "0"],
  ["Matthew C Monroe", "    1", "1", "3", "1", "1", "2", "1", "0", "0", "1", "0", "1", "0", "2", "2", "2", "1", "2", "2", "0", "1", "1", "0", "0", "0", "2", "1", "0", "0", "0", "0"],
  ["Dawn M Tancredi", "    1", "1", "0", "1", "0", "0", "0", "1", "0", "2", "0", "0", "0", "0", "0", "0", "0", "1", "1", "0", "0", "0", "0", "0", "0", "0", "0", "0", "0", "0", "0"],
  ["Betsy Wahl", "    1", "1", "0", "0", "0", "0", "0", "1", "0", "1", "0", "0", "0", "0", "0", "0", "0", "0", "0", "1", "0", "0", "1", "1", "1", "0", "0", "0", "0", "0", "0"],
  ["Christian Dicicco", "    1", "0", "1", "0", "0", "1", "0", "0", "1", "0", "1", "1", "1", "0", "0", "0", "0", "0", "0", "0", "0", "0", "1", "0", "0", "0", "0", "0", "0", "0", "0"],
  ["Total", "1,759", "1,579", "1,430", "1,291", "1,202", "1,151", "1,138", "1,110", "992", "940", "908", "890", "871", "851", "822", "756", "712", "636", "536", "527", "520", "296", "282", "274", "198", "187", "129", "5", "2", "1", "1"]
]
