[
  ["", "Vikki Kristiansson", "Stella Tsai", "Henry Mc Sias", "Wendi Barish", "Lucretia C Clemons", "Jennifer Schultz", "Deborah Canty", "Lawrence J Bozzelli", "Zac Shaffer", "Deborah Cianfrani", "Leon Goodman", "John Macoretta", "Daniel R Sulman", "Rania Major", "Mark B Cohen", "Shanese Johnson", "Brian Mclaughlin", "Vincent Furlong", "David Conroy", "Leonard Deutchman", "Crystal B Powell", "Vincent Melchiorre", "Mark J Moore", "Terri M Booker", "Jon Marshall", "Danyl S Patterson", "Bill Rice", "Dawn M Tancredi", "Christian Dicicco", "Betsy Wahl", "Matthew C Monroe"],
  ["Vikki Kristiansson", "   58", "1,693", "1,251", "1,174", "1,262", "1,134", "1,024", "708", "722", "679", "748", "765", "660", "567", "400", "440", "413", "428", "256", "305", "267", "160", "206", "180", "113", "120", "27", "2", "1", "0", "0"],
  ["Stella Tsai", "1,693", "72", "1,128", "1,248", "1,148", "1,224", "1,061", "672", "727", "770", "549", "539", "727", "564", "365", "529", "422", "424", "272", "287", "312", "180", "225", "208", "119", "145", "36", "2", "1", "1", "0"],
  ["Henry Mc Sias", "1,251", "1,128", "85", "707", "932", "671", "504", "512", "590", "350", "582", "598", "537", "265", "299", "191", "316", "320", "131", "179", "96", "118", "152", "88", "62", "101", "26", "1", "1", "0", "0"],
  ["Wendi Barish", "1,174", "1,248", "707", "25", "948", "1,109", "993", "444", "555", "489", "443", "285", "487", "364", "246", "354", "235", "204", "203", "281", "266", "126", "241", "199", "133", "80", "27", "2", "0", "1", "0"],
  ["Lucretia C Clemons", "1,262", "1,148", "932", "948", "9", "878", "782", "323", "570", "313", "580", "409", "492", "206", "181", "246", "150", "153", "236", "209", "233", "96", "236", "154", "131", "99", "22", "1", "0", "0", "0"],
  ["Jennifer Schultz", "1,134", "1,224", "671", "1,109", "878", "12", "1,003", "409", "459", "569", "389", "290", "406", "402", "290", "371", "239", "223", "160", "253", "299", "122", "232", "227", "136", "49", "35", "4", "0", "0", "0"],
  ["Deborah Canty", "1,024", "1,061", "504", "993", "782", "1,003", "13", "411", "374", "477", "372", "260", "346", "349", "234", "354", "232", "210", "190", "260", "251", "97", "213", "173", "125", "70", "19", "4", "0", "1", "0"],
  ["Lawrence J Bozzelli", "  708", "672", "512", "444", "323", "409", "411", "76", "283", "377", "322", "471", "273", "307", "256", "176", "389", "364", "179", "254", "83", "145", "121", "63", "102", "52", "19", "0", "1", "1", "0"],
  ["Zac Shaffer", "  722", "727", "590", "555", "570", "459", "374", "283", "14", "172", "366", "220", "502", "149", "282", "134", "159", "153", "255", "178", "90", "212", "126", "61", "93", "116", "28", "2", "0", "1", "0"],
  ["Deborah Cianfrani", "  679", "770", "350", "489", "313", "569", "477", "377", "172", "34", "175", "283", "165", "512", "272", "441", "272", "282", "93", "85", "297", "167", "55", "212", "41", "81", "38", "2", "1", "0", "0"],
  ["Leon Goodman", "  748", "549", "582", "443", "580", "389", "372", "322", "366", "175", "19", "447", "336", "137", "254", "128", "204", "188", "151", "224", "93", "112", "162", "92", "88", "56", "36", "2", "0", "1", "0"],
  ["John Macoretta", "  765", "539", "598", "285", "409", "290", "260", "471", "220", "283", "447", "20", "234", "232", "213", "125", "325", "315", "106", "152", "42", "102", "84", "43", "72", "38", "22", "0", "1", "0", "0"],
  ["Daniel R Sulman", "  660", "727", "537", "487", "492", "406", "346", "273", "502", "165", "336", "234", "21", "117", "212", "125", "163", "163", "163", "166", "72", "133", "91", "52", "63", "112", "16", "2", "0", "0", "1"],
  ["Rania Major", "  567", "564", "265", "364", "206", "402", "349", "307", "149", "512", "137", "232", "117", "15", "223", "350", "221", "224", "44", "90", "186", "80", "30", "118", "29", "39", "28", "1", "0", "0", "0"],
  ["Mark B Cohen", "  400", "365", "299", "246", "181", "290", "234", "256", "282", "272", "254", "213", "212", "223", "26", "171", "190", "169", "81", "119", "95", "118", "55", "79", "45", "72", "42", "0", "0", "0", "0"],
  ["Shanese Johnson", "  440", "529", "191", "354", "246", "371", "354", "176", "134", "441", "128", "125", "125", "350", "171", "12", "117", "130", "67", "52", "222", "93", "32", "131", "25", "65", "22", "1", "0", "0", "0"],
  ["Brian Mclaughlin", "  413", "422", "316", "235", "150", "239", "232", "389", "159", "272", "204", "325", "163", "221", "190", "117", "14", "312", "112", "108", "45", "99", "94", "54", "84", "34", "29", "0", "0", "1", "0"],
  ["Vincent Furlong", "  428", "424", "320", "204", "153", "223", "210", "364", "153", "282", "188", "315", "163", "224", "169", "130", "312", "15", "125", "120", "46", "124", "50", "49", "45", "36", "34", "0", "0", "1", "0"],
  ["David Conroy", "  256", "272", "131", "203", "236", "160", "190", "179", "255", "93", "151", "106", "163", "44", "81", "67", "112", "125", "23", "139", "63", "135", "84", "38", "72", "73", "24", "0", "1", "0", "0"],
  ["Leonard Deutchman", "  305", "287", "179", "281", "209", "253", "260", "254", "178", "85", "224", "152", "166", "90", "119", "52", "108", "120", "139", "4", "23", "71", "100", "32", "87", "27", "8", "2", "0", "0", "0"],
  ["Crystal B Powell", "  267", "312", "96", "266", "233", "299", "251", "83", "90", "297", "93", "42", "72", "186", "95", "222", "45", "46", "63", "23", "5", "65", "60", "159", "22", "72", "40", "1", "2", "0", "0"],
  ["Vincent Melchiorre", "  160", "180", "118", "126", "96", "122", "97", "145", "212", "167", "112", "102", "133", "80", "118", "93", "99", "124", "135", "71", "65", "20", "34", "41", "28", "51", "27", "2", "0", "0", "0"],
  ["Mark J Moore", "  206", "225", "152", "241", "236", "232", "213", "121", "126", "55", "162", "84", "91", "30", "55", "32", "94", "50", "84", "100", "60", "34", "1", "57", "85", "30", "26", "0", "1", "0", "0"],
  ["Terri M Booker", "  180", "208", "88", "199", "154", "227", "173", "63", "61", "212", "92", "43", "52", "118", "79", "131", "54", "49", "38", "32", "159", "41", "57", "1", "31", "38", "42", "1", "1", "0", "0"],
  ["Jon Marshall", "  113", "119", "62", "133", "131", "136", "125", "102", "93", "41", "88", "72", "63", "29", "45", "25", "84", "45", "72", "87", "22", "28", "85", "31", "1", "20", "16", "0", "0", "0", "0"],
  ["Danyl S Patterson", "  120", "145", "101", "80", "99", "49", "70", "52", "116", "81", "56", "38", "112", "39", "72", "65", "34", "36", "73", "27", "72", "51", "30", "38", "20", "4", "18", "0", "2", "0", "0"],
  ["Bill Rice", "   27", "36", "26", "27", "22", "35", "19", "19", "28", "38", "36", "22", "16", "28", "42", "22", "29", "34", "24", "8", "40", "27", "26", "42", "16", "18", "3", "0", "1", "0", "0"],
  ["Dawn M Tancredi", "    2", "2", "1", "2", "1", "4", "4", "0", "2", "2", "2", "0", "2", "1", "0", "1", "0", "0", "0", "2", "1", "2", "0", "1", "0", "0", "0", "0", "0", "0", "0"],
  ["Christian Dicicco", "    1", "1", "1", "0", "0", "0", "0", "1", "0", "1", "0", "1", "0", "0", "0", "0", "0", "0", "1", "0", "2", "0", "1", "1", "0", "2", "1", "0", "0", "0", "0"],
  ["Betsy Wahl", "    0", "1", "0", "1", "0", "0", "1", "1", "1", "0", "1", "0", "0", "0", "0", "0", "1", "1", "0", "0", "0", "0", "0", "0", "0", "0", "0", "0", "0", "0", "0"],
  ["Matthew C Monroe", "    0", "0", "0", "0", "0", "0", "0", "0", "0", "0", "0", "0", "1", "0", "0", "0", "0", "0", "0", "0", "0", "0", "0", "0", "0", "0", "0", "0", "0", "0", "0"],
  ["Total", "2,453", "2,380", "1,765", "1,704", "1,655", "1,634", "1,431", "1,213", "1,164", "1,136", "1,099", "1,005", "998", "819", "780", "727", "706", "702", "544", "525", "482", "473", "387", "354", "250", "241", "103", "5", "3", "1", "1"]
]
