[
  ["", "Marissa Brumbach", "Sherman Toppin", "Matt Wolf", "George Twardy", "Jon Marshall", "Bill Rice", "Crystal B Powell", "Betsy Wahl", "Christian Dicicco"],
  ["Marissa Brumbach", "  563", "567", "816", "352", "200", "41", "10", "1", "3"],
  ["Sherman Toppin", "  567", "494", "220", "156", "93", "75", "8", "0", "2"],
  ["Matt Wolf", "  816", "220", "280", "117", "124", "52", "2", "1", "0"],
  ["George Twardy", "  352", "156", "117", "182", "56", "21", "0", "0", "0"],
  ["Jon Marshall", "  200", "93", "124", "56", "48", "27", "3", "3", "0"],
  ["Bill Rice", "   41", "75", "52", "21", "27", "30", "1", "0", "0"],
  ["Crystal B Powell", "   10", "8", "2", "0", "3", "1", "2", "0", "0"],
  ["Betsy Wahl", "    1", "0", "1", "0", "3", "0", "0", "0", "0"],
  ["Christian Dicicco", "    3", "2", "0", "0", "0", "0", "0", "0", "0"],
  ["Total", "2,553", "1,615", "1,612", "884", "554", "247", "26", "5", "5"]
]
