[
  ["", "Marissa Brumbach", "Matt Wolf", "George Twardy", "Sherman Toppin", "Jon Marshall", "Bill Rice", "Betsy Wahl", "Christian Dicicco"],
  ["Marissa Brumbach", "214", "198", "284", "145", "69", "34", "3", "0"],
  ["Matt Wolf", "198", "209", "70", "88", "71", "27", "0", "0"],
  ["George Twardy", "284", "70", "76", "64", "16", "8", "0", "0"],
  ["Sherman Toppin", "145", "88", "64", "137", "33", "17", "0", "1"],
  ["Jon Marshall", "69", "71", "16", "33", "61", "24", "0", "0"],
  ["Bill Rice", "34", "27", "8", "17", "24", "21", "0", "0"],
  ["Betsy Wahl", "3", "0", "0", "0", "0", "0", "0", "0"],
  ["Christian Dicicco", "0", "0", "0", "1", "0", "0", "0", "1"],
  ["Total", "947", "663", "518", "485", "274", "131", "3", "2"]
]
