[
  ["", "Stella Tsai", "Vikki Kristiansson", "Deborah Cianfrani", "Vincent Furlong", "Jennifer Schultz", "Brian Mclaughlin", "Deborah Canty", "Lawrence J Bozzelli", "Henry Mc Sias", "Wendi Barish", "Mark B Cohen", "John Macoretta", "Rania Major", "Shanese Johnson", "Zac Shaffer", "Lucretia C Clemons", "Vincent Melchiorre", "Daniel R Sulman", "Leon Goodman", "David Conroy", "Crystal B Powell", "Mark J Moore", "Leonard Deutchman", "Terri M Booker", "Danyl S Patterson", "Jon Marshall", "Bill Rice", "Dawn M Tancredi"],
  ["Stella Tsai", "22", "208", "159", "116", "132", "74", "117", "90", "101", "107", "59", "80", "102", "97", "83", "88", "56", "80", "52", "51", "43", "25", "27", "27", "27", "18", "6", "0"],
  ["Vikki Kristiansson", "208", "10", "158", "123", "121", "91", "114", "106", "98", "98", "64", "91", "112", "89", "74", "82", "53", "73", "51", "58", "43", "26", "35", "28", "19", "16", "8", "0"],
  ["Deborah Cianfrani", "159", "158", "11", "117", "88", "91", "68", "89", "73", "69", "65", "89", "99", "94", "59", "38", "72", "49", "35", "42", "40", "19", "16", "32", "22", "8", "7", "0"],
  ["Vincent Furlong", "116", "123", "117", "25", "52", "85", "45", "87", "67", "30", "60", "78", "65", "60", "58", "19", "63", "53", "28", "48", "14", "13", "15", "6", "16", "8", "11", "0"],
  ["Jennifer Schultz", "132", "121", "88", "52", "1", "57", "125", "55", "59", "115", "54", "39", "62", "57", "55", "82", "37", "58", "51", "38", "51", "36", "28", "34", "15", "18", "12", "0"],
  ["Brian Mclaughlin", "74", "91", "91", "85", "57", "17", "42", "95", "63", "32", "57", "91", "63", "35", "26", "23", "38", "29", "28", "30", "9", "22", "19", "8", "10", "19", "10", "0"],
  ["Deborah Canty", "117", "114", "68", "45", "125", "42", "3", "54", "39", "100", "46", "34", "54", "46", "44", "62", "27", "42", "46", "37", "36", "26", "34", "25", "19", "17", "6", "1"],
  ["Lawrence J Bozzelli", "90", "106", "89", "87", "55", "95", "54", "5", "76", "41", "54", "95", "72", "32", "30", "28", "33", "26", "47", "28", "8", "16", "28", "8", "9", "17", "6", "0"],
  ["Henry Mc Sias", "101", "98", "73", "67", "59", "63", "39", "76", "9", "53", "40", "75", "67", "29", "38", "49", "18", "27", "26", "8", "13", "24", "14", "8", "9", "11", "6", "0"],
  ["Wendi Barish", "107", "98", "69", "30", "115", "32", "100", "41", "53", "1", "29", "29", "42", "46", "41", "70", "15", "36", "45", "27", "31", "21", "29", "25", "12", "14", "5", "1"],
  ["Mark B Cohen", "59", "64", "65", "60", "54", "57", "46", "54", "40", "29", "13", "59", "45", "38", "37", "19", "36", "30", "35", "24", "16", "16", "13", "14", "16", "9", "14", "0"],
  ["John Macoretta", "80", "91", "89", "78", "39", "91", "34", "95", "75", "29", "59", "3", "63", "37", "20", "20", "31", "21", "32", "14", "7", "20", "15", "8", "12", "8", "7", "0"],
  ["Rania Major", "102", "112", "99", "65", "62", "63", "54", "72", "67", "42", "45", "63", "6", "53", "27", "18", "20", "27", "20", "14", "26", "6", "15", "13", "6", "9", "6", "0"],
  ["Shanese Johnson", "97", "89", "94", "60", "57", "35", "46", "32", "29", "46", "38", "37", "53", "8", "43", "35", "41", "41", "18", "24", "31", "10", "7", "21", "19", "7", "5", "0"],
  ["Zac Shaffer", "83", "74", "59", "58", "55", "26", "44", "30", "38", "41", "37", "20", "27", "43", "1", "45", "62", "61", "37", "48", "21", "19", "13", "9", "26", "7", "8", "1"],
  ["Lucretia C Clemons", "88", "82", "38", "19", "82", "23", "62", "28", "49", "70", "19", "20", "18", "35", "45", "4", "24", "33", "45", "26", "30", "32", "17", "25", "20", "10", "9", "0"],
  ["Vincent Melchiorre", "56", "53", "72", "63", "37", "38", "27", "33", "18", "15", "36", "31", "20", "41", "62", "24", "8", "42", "17", "48", "18", "20", "16", "10", "24", "9", "12", "0"],
  ["Daniel R Sulman", "80", "73", "49", "53", "58", "29", "42", "26", "27", "36", "30", "21", "27", "41", "61", "33", "42", "1", "25", "42", "16", "7", "16", "9", "21", "15", "9", "0"],
  ["Leon Goodman", "52", "51", "35", "28", "51", "28", "46", "47", "26", "45", "35", "32", "20", "18", "37", "45", "17", "25", "2", "24", "15", "23", "28", "20", "16", "16", "10", "1"],
  ["David Conroy", "51", "58", "42", "48", "38", "30", "37", "28", "8", "27", "24", "14", "14", "24", "48", "26", "48", "42", "24", "5", "20", "15", "20", "7", "19", "14", "12", "0"],
  ["Crystal B Powell", "43", "43", "40", "14", "51", "9", "36", "8", "13", "31", "16", "7", "26", "31", "21", "30", "18", "16", "15", "20", "1", "15", "4", "26", "15", "9", "10", "0"],
  ["Mark J Moore", "25", "26", "19", "13", "36", "22", "26", "16", "24", "21", "16", "20", "6", "10", "19", "32", "20", "7", "23", "15", "15", "1", "15", "18", "11", "13", "7", "0"],
  ["Leonard Deutchman", "27", "35", "16", "15", "28", "19", "34", "28", "14", "29", "13", "15", "15", "7", "13", "17", "16", "16", "28", "20", "4", "15", "2", "6", "7", "16", "8", "1"],
  ["Terri M Booker", "27", "28", "32", "6", "34", "8", "25", "8", "8", "25", "14", "8", "13", "21", "9", "25", "10", "9", "20", "7", "26", "18", "6", "3", "9", "7", "5", "0"],
  ["Danyl S Patterson", "27", "19", "22", "16", "15", "10", "19", "9", "9", "12", "16", "12", "6", "19", "26", "20", "24", "21", "16", "19", "15", "11", "7", "9", "1", "9", "6", "0"],
  ["Jon Marshall", "18", "16", "8", "8", "18", "19", "17", "17", "11", "14", "9", "8", "9", "7", "7", "10", "9", "15", "16", "14", "9", "13", "16", "7", "9", "0", "9", "0"],
  ["Bill Rice", "6", "8", "7", "11", "12", "10", "6", "6", "6", "5", "14", "7", "6", "5", "8", "9", "12", "9", "10", "12", "10", "7", "8", "5", "6", "9", "1", "0"],
  ["Dawn M Tancredi", "0", "0", "0", "0", "0", "0", "1", "0", "0", "1", "0", "0", "0", "0", "1", "0", "0", "0", "1", "0", "0", "0", "1", "0", "0", "0", "0", "0"],
  ["Total", "309", "291", "248", "225", "216", "183", "181", "175", "163", "160", "157", "156", "155", "148", "141", "135", "130", "125", "112", "107", "78", "66", "64", "57", "56", "46", "33", "1"]
]
