[
  ["", "Stella Tsai", "Deborah Cianfrani", "Vikki Kristiansson", "Shanese Johnson", "Zac Shaffer", "Lucretia C Clemons", "Deborah Canty", "Jennifer Schultz", "Daniel R Sulman", "Wendi Barish", "Crystal B Powell", "John Macoretta", "Rania Major", "Vincent Furlong", "Mark B Cohen", "David Conroy", "Leon Goodman", "Vincent Melchiorre", "Brian Mclaughlin", "Henry Mc Sias", "Danyl S Patterson", "Lawrence J Bozzelli", "Terri M Booker", "Leonard Deutchman", "Mark J Moore", "Jon Marshall", "Bill Rice", "Christian Dicicco", "Matthew C Monroe", "Dawn M Tancredi", "Write In"],
  ["Stella Tsai", "   45", "672", "591", "532", "427", "337", "361", "376", "422", "382", "299", "289", "299", "265", "192", "283", "190", "271", "212", "267", "242", "211", "114", "117", "88", "55", "25", "1", "0", "1", "1"],
  ["Deborah Cianfrani", "  672", "22", "394", "541", "329", "171", "246", "261", "318", "249", "311", "229", "295", "239", "191", "235", "131", "273", "172", "174", "230", "168", "130", "75", "68", "32", "23", "2", "1", "1", "0"],
  ["Vikki Kristiansson", "  591", "394", "49", "287", "249", "331", "354", "341", "206", "346", "151", "310", "278", "264", "195", "142", "195", "76", "202", "257", "86", "204", "98", "126", "79", "37", "21", "1", "1", "1", "0"],
  ["Shanese Johnson", "  532", "541", "287", "45", "318", "176", "224", "180", "294", "177", "308", "145", "221", "151", "143", "225", "103", "249", "89", "86", "248", "94", "115", "45", "52", "39", "35", "3", "1", "0", "1"],
  ["Zac Shaffer", "  427", "329", "249", "318", "9", "172", "157", "149", "364", "171", "254", "139", "60", "101", "115", "278", "151", "280", "71", "95", "264", "62", "41", "79", "47", "27", "13", "2", "1", "0", "1"],
  ["Lucretia C Clemons", "  337", "171", "331", "176", "172", "28", "241", "277", "139", "276", "170", "120", "128", "96", "105", "102", "168", "71", "90", "154", "78", "64", "106", "71", "108", "57", "30", "1", "0", "0", "1"],
  ["Deborah Canty", "  361", "246", "354", "224", "157", "241", "16", "313", "115", "304", "160", "116", "172", "119", "157", "113", "190", "72", "103", "97", "80", "95", "114", "89", "73", "51", "35", "2", "0", "0", "0"],
  ["Jennifer Schultz", "  376", "261", "341", "180", "149", "277", "313", "9", "132", "327", "131", "120", "173", "107", "131", "70", "169", "65", "110", "151", "43", "99", "99", "81", "89", "53", "21", "1", "2", "0", "0"],
  ["Daniel R Sulman", "  422", "318", "206", "294", "364", "139", "115", "132", "7", "157", "203", "125", "55", "113", "81", "234", "120", "262", "68", "88", "225", "78", "26", "74", "40", "27", "13", "1", "0", "0", "0"],
  ["Wendi Barish", "  382", "249", "346", "177", "171", "276", "304", "327", "157", "5", "127", "129", "151", "121", "95", "66", "174", "51", "86", "135", "40", "83", "94", "111", "74", "41", "18", "0", "1", "0", "1"],
  ["Crystal B Powell", "  299", "311", "151", "308", "254", "170", "160", "131", "203", "127", "6", "55", "109", "44", "101", "217", "111", "193", "49", "42", "233", "22", "112", "17", "69", "40", "30", "1", "0", "0", "0"],
  ["John Macoretta", "  289", "229", "310", "145", "139", "120", "116", "120", "125", "129", "55", "29", "141", "200", "122", "58", "105", "53", "168", "167", "47", "180", "30", "92", "44", "34", "16", "0", "1", "1", "1"],
  ["Rania Major", "  299", "295", "278", "221", "60", "128", "172", "173", "55", "151", "109", "141", "24", "181", "151", "32", "83", "46", "148", "126", "45", "137", "63", "30", "34", "34", "23", "1", "2", "1", "0"],
  ["Vincent Furlong", "  265", "239", "264", "151", "101", "96", "119", "107", "113", "121", "44", "200", "181", "10", "157", "67", "103", "70", "179", "154", "35", "174", "30", "79", "37", "29", "26", "0", "2", "0", "1"],
  ["Mark B Cohen", "  192", "191", "195", "143", "115", "105", "157", "131", "81", "95", "101", "122", "151", "157", "37", "73", "131", "65", "113", "91", "79", "89", "59", "38", "50", "29", "28", "2", "2", "1", "1"],
  ["David Conroy", "  283", "235", "142", "225", "278", "102", "113", "70", "234", "66", "217", "58", "32", "67", "73", "4", "109", "216", "58", "41", "252", "49", "38", "61", "48", "37", "26", "2", "1", "0", "1"],
  ["Leon Goodman", "  190", "131", "195", "103", "151", "168", "190", "169", "120", "174", "111", "105", "83", "103", "131", "109", "9", "66", "99", "105", "78", "83", "75", "86", "97", "46", "29", "0", "0", "2", "0"],
  ["Vincent Melchiorre", "  271", "273", "76", "249", "280", "71", "72", "65", "262", "51", "193", "53", "46", "70", "65", "216", "66", "3", "53", "33", "223", "38", "37", "40", "37", "24", "24", "1", "1", "0", "0"],
  ["Brian Mclaughlin", "  212", "172", "202", "89", "71", "90", "103", "110", "68", "86", "49", "168", "148", "179", "113", "58", "99", "53", "27", "142", "28", "162", "31", "44", "48", "40", "27", "0", "0", "0", "0"],
  ["Henry Mc Sias", "  267", "174", "257", "86", "95", "154", "97", "151", "88", "135", "42", "167", "126", "154", "91", "41", "105", "33", "142", "5", "18", "151", "37", "34", "69", "27", "14", "0", "1", "0", "0"],
  ["Danyl S Patterson", "  242", "230", "86", "248", "264", "78", "80", "43", "225", "40", "233", "47", "45", "35", "79", "252", "78", "223", "28", "18", "7", "20", "42", "25", "36", "32", "20", "1", "0", "0", "0"],
  ["Lawrence J Bozzelli", "  211", "168", "204", "94", "62", "64", "95", "99", "78", "83", "22", "180", "137", "174", "89", "49", "83", "38", "162", "151", "20", "3", "12", "54", "30", "36", "14", "0", "0", "0", "0"],
  ["Terri M Booker", "  114", "130", "98", "115", "41", "106", "114", "99", "26", "94", "112", "30", "63", "30", "59", "38", "75", "37", "31", "37", "42", "12", "3", "17", "47", "26", "30", "1", "2", "0", "1"],
  ["Leonard Deutchman", "  117", "75", "126", "45", "79", "71", "89", "81", "74", "111", "17", "92", "30", "79", "38", "61", "86", "40", "44", "34", "25", "54", "17", "3", "34", "20", "12", "0", "0", "0", "0"],
  ["Mark J Moore", "   88", "68", "79", "52", "47", "108", "73", "89", "40", "74", "69", "44", "34", "37", "50", "48", "97", "37", "48", "69", "36", "30", "47", "34", "5", "50", "26", "1", "0", "0", "1"],
  ["Jon Marshall", "   55", "32", "37", "39", "27", "57", "51", "53", "27", "41", "40", "34", "34", "29", "29", "37", "46", "24", "40", "27", "32", "36", "26", "20", "50", "2", "29", "0", "0", "2", "0"],
  ["Bill Rice", "   25", "23", "21", "35", "13", "30", "35", "21", "13", "18", "30", "16", "23", "26", "28", "26", "29", "24", "27", "14", "20", "14", "30", "12", "26", "29", "2", "0", "2", "0", "0"],
  ["Christian Dicicco", "    1", "2", "1", "3", "2", "1", "2", "1", "1", "0", "1", "0", "1", "0", "2", "2", "0", "1", "0", "0", "1", "0", "1", "0", "1", "0", "0", "0", "0", "0", "0"],
  ["Matthew C Monroe", "    0", "1", "1", "1", "1", "0", "0", "2", "0", "1", "0", "1", "2", "2", "2", "1", "0", "1", "0", "1", "0", "0", "2", "0", "0", "0", "2", "0", "0", "0", "0"],
  ["Dawn M Tancredi", "    1", "1", "1", "0", "0", "0", "0", "0", "0", "0", "0", "1", "1", "0", "1", "0", "2", "0", "0", "0", "0", "0", "0", "0", "0", "2", "0", "0", "0", "0", "0"],
  ["Write In", "    1", "0", "0", "1", "1", "1", "0", "0", "0", "1", "0", "1", "0", "1", "1", "1", "0", "0", "0", "0", "0", "0", "1", "0", "1", "0", "0", "0", "0", "0", "0"],
  ["Total", "1,131", "895", "890", "782", "643", "603", "597", "588", "560", "550", "510", "498", "470", "466", "456", "439", "437", "414", "406", "385", "383", "331", "223", "218", "212", "130", "86", "3", "3", "2", "2"]
]
