[
  ["", "Marissa Brumbach", "Matt Wolf", "Sherman Toppin", "George Twardy", "Jon Marshall", "Bill Rice", "Crystal B Powell", "Betsy Wahl"],
  ["Marissa Brumbach", "214", "292", "65", "73", "64", "26", "1", "0"],
  ["Matt Wolf", "292", "161", "39", "39", "53", "14", "1", "1"],
  ["Sherman Toppin", "65", "39", "58", "27", "29", "8", "1", "0"],
  ["George Twardy", "73", "39", "27", "47", "13", "2", "0", "0"],
  ["Jon Marshall", "64", "53", "29", "13", "31", "7", "0", "0"],
  ["Bill Rice", "26", "14", "8", "2", "7", "9", "0", "1"],
  ["Crystal B Powell", "1", "1", "1", "0", "0", "0", "0", "0"],
  ["Betsy Wahl", "0", "1", "0", "0", "0", "1", "0", "0"],
  ["Total", "735", "600", "227", "201", "197", "67", "3", "2"]
]
