[
  ["", "Stella Tsai", "Shanese Johnson", "Deborah Cianfrani", "Vikki Kristiansson", "Mark B Cohen", "Lucretia C Clemons", "Vincent Furlong", "Rania Major", "Deborah Canty", "Daniel R Sulman", "Crystal B Powell", "Jennifer Schultz", "John Macoretta", "Leon Goodman", "Zac Shaffer", "Brian Mclaughlin", "Wendi Barish", "Lawrence J Bozzelli", "Henry Mc Sias", "David Conroy", "Vincent Melchiorre", "Danyl S Patterson", "Terri M Booker", "Leonard Deutchman", "Mark J Moore", "Jon Marshall", "Bill Rice", "Dawn M Tancredi", "Betsy Wahl", "Matthew C Monroe", "Christian Dicicco"],
  ["Stella Tsai", "64", "432", "540", "432", "268", "413", "442", "316", "198", "377", "269", "252", "215", "138", "174", "207", "227", "212", "238", "194", "193", "52", "82", "38", "42", "38", "30", "6", "3", "4", "2"],
  ["Shanese Johnson", "432", "63", "436", "204", "223", "345", "378", "243", "198", "249", "312", "135", "114", "136", "92", "119", "138", "108", "88", "180", "195", "78", "111", "32", "49", "45", "43", "2", "6", "4", "1"],
  ["Deborah Cianfrani", "540", "436", "25", "300", "183", "298", "437", "308", "164", "237", "258", "151", "196", "83", "73", "208", "133", "216", "202", "180", "193", "47", "89", "36", "40", "33", "26", "1", "3", "2", "1"],
  ["Vikki Kristiansson", "432", "204", "300", "21", "288", "224", "243", "301", "251", "194", "133", "229", "259", "176", "228", "191", "194", "223", "232", "110", "49", "113", "62", "81", "38", "22", "12", "4", "3", "2", "0"],
  ["Mark B Cohen", "268", "223", "183", "288", "92", "216", "168", "215", "233", "171", "157", "183", "132", "185", "217", "114", "160", "110", "93", "96", "48", "115", "79", "91", "46", "45", "38", "4", "3", "1", "0"],
  ["Lucretia C Clemons", "413", "345", "298", "224", "216", "36", "232", "126", "190", "313", "315", "221", "67", "140", "159", "45", "204", "41", "66", "212", "173", "87", "112", "26", "75", "42", "38", "2", "2", "1", "3"],
  ["Vincent Furlong", "442", "378", "437", "243", "168", "232", "14", "248", "108", "222", "226", "59", "192", "92", "71", "199", "52", "190", "185", "198", "186", "65", "41", "24", "24", "25", "27", "2", "3", "2", "2"],
  ["Rania Major", "316", "243", "308", "301", "215", "126", "248", "29", "161", "97", "127", "110", "196", "106", "80", "228", "97", "238", "196", "28", "44", "53", "73", "52", "31", "41", "34", "1", "4", "2", "1"],
  ["Deborah Canty", "198", "198", "164", "251", "233", "190", "108", "161", "17", "120", "159", "193", "97", "202", "156", "61", "146", "66", "80", "107", "52", "123", "95", "93", "50", "38", "37", "3", "3", "4", "1"],
  ["Daniel R Sulman", "377", "249", "237", "194", "171", "313", "222", "97", "120", "6", "194", "160", "48", "109", "149", "50", "141", "50", "69", "181", "196", "43", "34", "43", "20", "27", "17", "3", "1", "3", "1"],
  ["Crystal B Powell", "269", "312", "258", "133", "157", "315", "226", "127", "159", "194", "5", "106", "28", "126", "74", "40", "99", "17", "29", "198", "153", "109", "117", "16", "62", "42", "40", "0", "3", "1", "1"],
  ["Jennifer Schultz", "252", "135", "151", "229", "183", "221", "59", "110", "193", "160", "106", "10", "46", "117", "119", "49", "204", "57", "88", "29", "34", "30", "78", "48", "49", "29", "25", "4", "3", "0", "0"],
  ["John Macoretta", "215", "114", "196", "259", "132", "67", "192", "196", "97", "48", "28", "46", "28", "91", "84", "180", "35", "201", "183", "58", "29", "57", "20", "61", "26", "17", "12", "3", "2", "4", "0"],
  ["Leon Goodman", "138", "136", "83", "176", "185", "140", "92", "106", "202", "109", "126", "117", "91", "11", "145", "55", "89", "53", "71", "97", "48", "116", "76", "87", "65", "51", "44", "4", "1", "3", "0"],
  ["Zac Shaffer", "174", "92", "73", "228", "217", "159", "71", "80", "156", "149", "74", "119", "84", "145", "12", "42", "132", "39", "35", "94", "56", "98", "38", "71", "29", "13", "22", "8", "3", "2", "1"],
  ["Brian Mclaughlin", "207", "119", "208", "191", "114", "45", "199", "228", "61", "50", "40", "49", "180", "55", "42", "24", "32", "196", "162", "21", "39", "23", "29", "27", "21", "26", "13", "2", "0", "1", "0"],
  ["Wendi Barish", "227", "138", "133", "194", "160", "204", "52", "97", "146", "141", "99", "204", "35", "89", "132", "32", "2", "35", "46", "23", "36", "40", "64", "33", "38", "20", "21", "4", "2", "1", "0"],
  ["Lawrence J Bozzelli", "212", "108", "216", "223", "110", "41", "190", "238", "66", "50", "17", "57", "201", "53", "39", "196", "35", "5", "188", "17", "29", "17", "19", "37", "21", "23", "13", "0", "4", "1", "0"],
  ["Henry Mc Sias", "238", "88", "202", "232", "93", "66", "185", "196", "80", "69", "29", "88", "183", "71", "35", "162", "46", "188", "7", "8", "17", "16", "24", "29", "30", "15", "9", "0", "1", "0", "0"],
  ["David Conroy", "194", "180", "180", "110", "96", "212", "198", "28", "107", "181", "198", "29", "58", "97", "94", "21", "23", "17", "8", "3", "148", "93", "19", "43", "20", "18", "11", "1", "3", "1", "1"],
  ["Vincent Melchiorre", "193", "195", "193", "49", "48", "173", "186", "44", "52", "196", "153", "34", "29", "48", "56", "39", "36", "29", "17", "148", "1", "25", "15", "27", "14", "12", "11", "3", "0", "3", "1"],
  ["Danyl S Patterson", "52", "78", "47", "113", "115", "87", "65", "53", "123", "43", "109", "30", "57", "116", "98", "23", "40", "17", "16", "93", "25", "9", "40", "50", "28", "32", "28", "1", "1", "0", "0"],
  ["Terri M Booker", "82", "111", "89", "62", "79", "112", "41", "73", "95", "34", "117", "78", "20", "76", "38", "29", "64", "19", "24", "19", "15", "40", "5", "10", "57", "35", "34", "1", "2", "1", "1"],
  ["Leonard Deutchman", "38", "32", "36", "81", "91", "26", "24", "52", "93", "43", "16", "48", "61", "87", "71", "27", "33", "37", "29", "43", "27", "50", "10", "1", "13", "12", "11", "3", "1", "1", "0"],
  ["Mark J Moore", "42", "49", "40", "38", "46", "75", "24", "31", "50", "20", "62", "49", "26", "65", "29", "21", "38", "21", "30", "20", "14", "28", "57", "13", "9", "28", "18", "0", "2", "0", "0"],
  ["Jon Marshall", "38", "45", "33", "22", "45", "42", "25", "41", "38", "27", "42", "29", "17", "51", "13", "26", "20", "23", "15", "18", "12", "32", "35", "12", "28", "2", "25", "0", "1", "0", "0"],
  ["Bill Rice", "30", "43", "26", "12", "38", "38", "27", "34", "37", "17", "40", "25", "12", "44", "22", "13", "21", "13", "9", "11", "11", "28", "34", "11", "18", "25", "2", "0", "1", "1", "0"],
  ["Dawn M Tancredi", "6", "2", "1", "4", "4", "2", "2", "1", "3", "3", "0", "4", "3", "4", "8", "2", "4", "0", "0", "1", "3", "1", "1", "3", "0", "0", "0", "0", "0", "1", "0"],
  ["Betsy Wahl", "3", "6", "3", "3", "3", "2", "3", "4", "3", "1", "3", "3", "2", "1", "3", "0", "2", "4", "1", "3", "0", "1", "2", "1", "2", "1", "1", "0", "0", "0", "0"],
  ["Matthew C Monroe", "4", "4", "2", "2", "1", "1", "2", "2", "4", "3", "1", "0", "4", "3", "2", "1", "1", "1", "0", "1", "3", "0", "1", "1", "0", "0", "1", "1", "0", "0", "0"],
  ["Christian Dicicco", "2", "1", "1", "0", "0", "3", "2", "1", "1", "1", "1", "0", "0", "0", "1", "0", "0", "0", "0", "1", "1", "0", "1", "0", "0", "0", "0", "0", "0", "0", "0"],
  ["Total", "938", "760", "737", "686", "681", "672", "630", "547", "513", "500", "477", "411", "403", "399", "362", "354", "334", "333", "332", "329", "275", "228", "212", "153", "141", "107", "89", "9", "8", "6", "3"]
]
