[
  ["", "Deborah Cianfrani", "Stella Tsai", "Daniel R Sulman", "Zac Shaffer", "Vincent Melchiorre", "Mark B Cohen", "Vikki Kristiansson", "Shanese Johnson", "Rania Major", "Vincent Furlong", "Brian Mclaughlin", "David Conroy", "Lucretia C Clemons", "Deborah Canty", "Lawrence J Bozzelli", "Henry Mc Sias", "John Macoretta", "Jennifer Schultz", "Crystal B Powell", "Leon Goodman", "Wendi Barish", "Terri M Booker", "Danyl S Patterson", "Leonard Deutchman", "Mark J Moore", "Jon Marshall", "Bill Rice", "Christian Dicicco", "Dawn M Tancredi", "Matthew C Monroe", "Write In"],
  ["Deborah Cianfrani", "25", "235", "226", "203", "217", "130", "145", "165", "149", "126", "105", "140", "112", "101", "115", "95", "106", "90", "86", "48", "73", "56", "66", "28", "22", "24", "18", "0", "0", "1", "0"],
  ["Stella Tsai", "235", "31", "127", "125", "102", "103", "167", "164", "146", "133", "100", "95", "115", "97", "97", "95", "93", "86", "80", "59", "74", "45", "67", "42", "22", "13", "17", "1", "0", "1", "0"],
  ["Daniel R Sulman", "226", "127", "12", "259", "263", "79", "62", "96", "51", "63", "53", "165", "106", "58", "44", "38", "41", "42", "61", "52", "40", "32", "64", "34", "19", "25", "11", "0", "2", "1", "0"],
  ["Zac Shaffer", "203", "125", "259", "7", "249", "64", "59", "81", "56", "52", "40", "148", "95", "43", "29", "34", "25", "38", "57", "37", "36", "24", "69", "39", "15", "15", "10", "1", "2", "0", "0"],
  ["Vincent Melchiorre", "217", "102", "263", "249", "1", "71", "49", "79", "44", "47", "45", "151", "94", "45", "36", "28", "27", "37", "50", "40", "34", "28", "60", "31", "20", "16", "12", "0", "1", "0", "0"],
  ["Mark B Cohen", "130", "103", "79", "64", "71", "29", "100", "76", "98", "84", "99", "26", "50", "78", "77", "65", "75", "74", "48", "58", "48", "37", "20", "38", "17", "17", "20", "1", "1", "0", "0"],
  ["Vikki Kristiansson", "145", "167", "62", "59", "49", "100", "11", "78", "146", "122", "97", "28", "52", "89", "106", "108", "102", "75", "47", "44", "60", "32", "18", "45", "20", "12", "14", "2", "0", "1", "0"],
  ["Shanese Johnson", "165", "164", "96", "81", "79", "76", "78", "12", "92", "63", "56", "67", "96", "73", "49", "42", "41", "60", "76", "50", "46", "50", "49", "13", "19", "14", "14", "2", "0", "0", "0"],
  ["Rania Major", "149", "146", "51", "56", "44", "98", "146", "92", "12", "110", "96", "18", "45", "69", "106", "89", "87", "57", "40", "45", "43", "36", "14", "33", "15", "13", "10", "1", "0", "1", "0"],
  ["Vincent Furlong", "126", "133", "63", "52", "47", "84", "122", "63", "110", "10", "96", "31", "34", "37", "101", "96", "92", "33", "26", "37", "21", "17", "14", "40", "9", "9", "14", "0", "0", "0", "0"],
  ["Brian Mclaughlin", "105", "100", "53", "40", "45", "99", "97", "56", "96", "96", "20", "29", "28", "46", "104", "84", "90", "40", "18", "36", "21", "20", "11", "31", "17", "12", "16", "0", "0", "0", "0"],
  ["David Conroy", "140", "95", "165", "148", "151", "26", "28", "67", "18", "31", "29", "3", "76", "27", "18", "16", "15", "22", "49", "20", "20", "20", "59", "12", "13", "8", "8", "2", "0", "0", "0"],
  ["Lucretia C Clemons", "112", "115", "106", "95", "94", "50", "52", "96", "45", "34", "28", "76", "5", "54", "10", "26", "15", "40", "78", "46", "40", "26", "62", "11", "18", "14", "7", "0", "0", "0", "0"],
  ["Deborah Canty", "101", "97", "58", "43", "45", "78", "89", "73", "69", "37", "46", "27", "54", "7", "33", "25", "28", "90", "58", "51", "69", "45", "17", "31", "25", "13", "14", "0", "1", "0", "0"],
  ["Lawrence J Bozzelli", "115", "97", "44", "29", "36", "77", "106", "49", "106", "101", "104", "18", "10", "33", "4", "88", "105", "30", "12", "30", "25", "15", "9", "27", "16", "9", "10", "0", "0", "1", "0"],
  ["Henry Mc Sias", "95", "95", "38", "34", "28", "65", "108", "42", "89", "96", "84", "16", "26", "25", "88", "3", "88", "24", "15", "27", "20", "13", "8", "30", "10", "5", "8", "0", "0", "1", "0"],
  ["John Macoretta", "106", "93", "41", "25", "27", "75", "102", "41", "87", "92", "90", "15", "15", "28", "105", "88", "4", "24", "11", "30", "17", "10", "9", "21", "14", "8", "10", "1", "0", "1", "0"],
  ["Jennifer Schultz", "90", "86", "42", "38", "37", "74", "75", "60", "57", "33", "40", "22", "40", "90", "30", "24", "24", "2", "50", "44", "62", "45", "18", "33", "17", "14", "16", "0", "1", "0", "0"],
  ["Crystal B Powell", "86", "80", "61", "57", "50", "48", "47", "76", "40", "26", "18", "49", "78", "58", "12", "15", "11", "50", "5", "35", "38", "43", "39", "9", "19", "13", "9", "1", "0", "0", "0"],
  ["Leon Goodman", "48", "59", "52", "37", "40", "58", "44", "50", "45", "37", "36", "20", "46", "51", "30", "27", "30", "44", "35", "6", "42", "32", "21", "39", "28", "18", "6", "1", "2", "0", "0"],
  ["Wendi Barish", "73", "74", "40", "36", "34", "48", "60", "46", "43", "21", "21", "20", "40", "69", "25", "20", "17", "62", "38", "42", "2", "31", "10", "19", "9", "7", "7", "0", "2", "0", "0"],
  ["Terri M Booker", "56", "45", "32", "24", "28", "37", "32", "50", "36", "17", "20", "20", "26", "45", "15", "13", "10", "45", "43", "32", "31", "4", "10", "5", "19", "12", "12", "1", "0", "0", "0"],
  ["Danyl S Patterson", "66", "67", "64", "69", "60", "20", "18", "49", "14", "14", "11", "59", "62", "17", "9", "8", "9", "18", "39", "21", "10", "10", "0", "5", "11", "11", "4", "1", "0", "0", "0"],
  ["Leonard Deutchman", "28", "42", "34", "39", "31", "38", "45", "13", "33", "40", "31", "12", "11", "31", "27", "30", "21", "33", "9", "39", "19", "5", "5", "1", "6", "9", "7", "0", "2", "0", "0"],
  ["Mark J Moore", "22", "22", "19", "15", "20", "17", "20", "19", "15", "9", "17", "13", "18", "25", "16", "10", "14", "17", "19", "28", "9", "19", "11", "6", "2", "10", "9", "1", "0", "0", "0"],
  ["Jon Marshall", "24", "13", "25", "15", "16", "17", "12", "14", "13", "9", "12", "8", "14", "13", "9", "5", "8", "14", "13", "18", "7", "12", "11", "9", "10", "1", "8", "0", "0", "0", "0"],
  ["Bill Rice", "18", "17", "11", "10", "12", "20", "14", "14", "10", "14", "16", "8", "7", "14", "10", "8", "10", "16", "9", "6", "7", "12", "4", "7", "9", "8", "1", "0", "0", "0", "0"],
  ["Christian Dicicco", "0", "1", "0", "1", "0", "1", "2", "2", "1", "0", "0", "2", "0", "0", "0", "0", "1", "0", "1", "1", "0", "1", "1", "0", "1", "0", "0", "0", "0", "0", "0"],
  ["Dawn M Tancredi", "0", "0", "2", "2", "1", "1", "0", "0", "0", "0", "0", "0", "0", "1", "0", "0", "0", "1", "0", "2", "2", "0", "0", "2", "0", "0", "0", "0", "0", "0", "0"],
  ["Matthew C Monroe", "1", "1", "1", "0", "0", "0", "1", "0", "1", "0", "0", "0", "0", "0", "1", "1", "1", "0", "0", "0", "0", "0", "0", "0", "0", "0", "0", "0", "0", "0", "0"],
  ["Write In", "0", "0", "0", "0", "0", "0", "0", "0", "0", "0", "0", "0", "0", "0", "0", "0", "0", "0", "0", "0", "0", "0", "0", "0", "0", "0", "0", "0", "0", "0", "1"],
  ["Total", "476", "388", "378", "341", "331", "273", "272", "258", "246", "222", "220", "206", "193", "191", "176", "165", "165", "164", "150", "147", "125", "107", "98", "98", "64", "47", "43", "2", "2", "1", "1"]
]
