[
  ["", "Deborah Cianfrani", "Vincent Furlong", "Brian Mclaughlin", "Stella Tsai", "Rania Major", "Mark B Cohen", "Vikki Kristiansson", "Lawrence J Bozzelli", "Vincent Melchiorre", "John Macoretta", "Jennifer Schultz", "Deborah Canty", "Shanese Johnson", "Daniel R Sulman", "Henry Mc Sias", "Leon Goodman", "Wendi Barish", "Zac Shaffer", "David Conroy", "Lucretia C Clemons", "Crystal B Powell", "Terri M Booker", "Leonard Deutchman", "Bill Rice", "Danyl S Patterson", "Mark J Moore", "Jon Marshall", "Dawn M Tancredi", "Matthew C Monroe"],
  ["Deborah Cianfrani", "15", "166", "164", "176", "179", "111", "138", "148", "108", "98", "98", "81", "85", "69", "82", "39", "74", "32", "30", "39", "44", "43", "26", "15", "23", "14", "9", "0", "1"],
  ["Vincent Furlong", "166", "23", "160", "119", "146", "106", "121", "140", "120", "125", "52", "55", "67", "73", "86", "52", "35", "43", "40", "26", "31", "22", "33", "28", "19", "15", "14", "0", "1"],
  ["Brian Mclaughlin", "164", "160", "28", "133", "120", "114", "106", "126", "87", "115", "68", "58", "55", "50", "86", "49", "45", "38", "35", "26", "21", "24", "36", "29", "20", "16", "13", "0", "0"],
  ["Stella Tsai", "176", "119", "133", "24", "139", "97", "151", "106", "63", "104", "89", "86", "81", "41", "84", "59", "73", "40", "25", "48", "37", "30", "21", "18", "24", "16", "11", "0", "0"],
  ["Rania Major", "179", "146", "120", "139", "11", "91", "120", "137", "68", "87", "65", "55", "84", "54", "75", "39", "54", "22", "15", "23", "29", "27", "16", "11", "13", "14", "8", "2", "1"],
  ["Mark B Cohen", "111", "106", "114", "97", "91", "17", "79", "78", "71", "72", "79", "67", "49", "47", "50", "54", "40", "45", "30", "26", "29", "27", "31", "24", "25", "14", "18", "1", "0"],
  ["Vikki Kristiansson", "138", "121", "106", "151", "120", "79", "7", "100", "37", "114", "79", "66", "72", "45", "89", "47", "62", "42", "32", "38", "27", "31", "24", "11", "13", "15", "12", "2", "0"],
  ["Lawrence J Bozzelli", "148", "140", "126", "106", "137", "78", "100", "6", "68", "101", "42", "38", "54", "57", "75", "36", "27", "14", "27", "18", "8", "13", "22", "13", "7", "13", "8", "1", "1"],
  ["Vincent Melchiorre", "108", "120", "87", "63", "68", "71", "37", "68", "12", "40", "49", "52", "22", "72", "15", "37", "36", "44", "30", "20", "16", "15", "32", "20", "21", "11", "12", "1", "2"],
  ["John Macoretta", "98", "125", "115", "104", "87", "72", "114", "101", "40", "8", "40", "27", "47", "38", "85", "46", "22", "26", "31", "17", "12", "8", "27", "17", "10", "14", "16", "1", "0"],
  ["Jennifer Schultz", "98", "52", "68", "89", "65", "79", "79", "42", "49", "40", "4", "83", "52", "42", "35", "48", "75", "32", "22", "39", "37", "39", "40", "19", "11", "20", "17", "2", "1"],
  ["Deborah Canty", "81", "55", "58", "86", "55", "67", "66", "38", "52", "27", "83", "2", "44", "45", "24", "44", "73", "40", "19", "38", "37", "36", "30", "20", "18", "18", "15", "1", "1"],
  ["Shanese Johnson", "85", "67", "55", "81", "84", "49", "72", "54", "22", "47", "52", "44", "17", "24", "42", "33", "41", "23", "17", "34", "34", "20", "10", "12", "12", "9", "7", "1", "0"],
  ["Daniel R Sulman", "69", "73", "50", "41", "54", "47", "45", "57", "72", "38", "42", "45", "24", "3", "28", "32", "28", "39", "25", "22", "13", "13", "25", "15", "13", "8", "11", "1", "1"],
  ["Henry Mc Sias", "82", "86", "86", "84", "75", "50", "89", "75", "15", "85", "35", "24", "42", "28", "4", "26", "14", "21", "12", "13", "9", "12", "25", "4", "5", "10", "7", "2", "0"],
  ["Leon Goodman", "39", "52", "49", "59", "39", "54", "47", "36", "37", "46", "48", "44", "33", "32", "26", "5", "41", "42", "36", "32", "21", "15", "36", "15", "17", "18", "14", "2", "0"],
  ["Wendi Barish", "74", "35", "45", "73", "54", "40", "62", "27", "36", "22", "75", "73", "41", "28", "14", "41", "4", "29", "11", "38", "31", "37", "18", "11", "9", "13", "6", "0", "2"],
  ["Zac Shaffer", "32", "43", "38", "40", "22", "45", "42", "14", "44", "26", "32", "40", "23", "39", "21", "42", "29", "3", "35", "20", "17", "10", "21", "14", "15", "6", "10", "1", "1"],
  ["David Conroy", "30", "40", "35", "25", "15", "30", "32", "27", "30", "31", "22", "19", "17", "25", "12", "36", "11", "35", "10", "18", "14", "12", "14", "18", "16", "4", "7", "0", "0"],
  ["Lucretia C Clemons", "39", "26", "26", "48", "23", "26", "38", "18", "20", "17", "39", "38", "34", "22", "13", "32", "38", "20", "18", "4", "31", "21", "11", "10", "12", "15", "10", "0", "0"],
  ["Crystal B Powell", "44", "31", "21", "37", "29", "29", "27", "8", "16", "12", "37", "37", "34", "13", "9", "21", "31", "17", "14", "31", "3", "30", "4", "9", "19", "10", "9", "0", "0"],
  ["Terri M Booker", "43", "22", "24", "30", "27", "27", "31", "13", "15", "8", "39", "36", "20", "13", "12", "15", "37", "10", "12", "21", "30", "4", "7", "9", "7", "11", "7", "0", "0"],
  ["Leonard Deutchman", "26", "33", "36", "21", "16", "31", "24", "22", "32", "27", "40", "30", "10", "25", "25", "36", "18", "21", "14", "11", "4", "7", "1", "9", "6", "9", "11", "3", "1"],
  ["Bill Rice", "15", "28", "29", "18", "11", "24", "11", "13", "20", "17", "19", "20", "12", "15", "4", "15", "11", "14", "18", "10", "9", "9", "9", "1", "7", "7", "8", "0", "1"],
  ["Danyl S Patterson", "23", "19", "20", "24", "13", "25", "13", "7", "21", "10", "11", "18", "12", "13", "5", "17", "9", "15", "16", "12", "19", "7", "6", "7", "0", "4", "11", "1", "0"],
  ["Mark J Moore", "14", "15", "16", "16", "14", "14", "15", "13", "11", "14", "20", "18", "9", "8", "10", "18", "13", "6", "4", "15", "10", "11", "9", "7", "4", "1", "7", "0", "0"],
  ["Jon Marshall", "9", "14", "13", "11", "8", "18", "12", "8", "12", "16", "17", "15", "7", "11", "7", "14", "6", "10", "7", "10", "9", "7", "11", "8", "11", "7", "0", "1", "0"],
  ["Dawn M Tancredi", "0", "0", "0", "0", "2", "1", "2", "1", "1", "1", "2", "1", "1", "1", "2", "2", "0", "1", "0", "0", "0", "0", "3", "0", "1", "0", "1", "0", "0"],
  ["Matthew C Monroe", "1", "1", "0", "0", "1", "0", "0", "1", "2", "0", "1", "1", "0", "1", "0", "0", "2", "1", "0", "0", "0", "0", "1", "1", "0", "0", "0", "0", "0"],
  ["Total", "343", "324", "314", "297", "263", "251", "250", "229", "204", "202", "185", "178", "171", "145", "142", "139", "138", "112", "100", "99", "84", "81", "77", "54", "53", "46", "38", "3", "3"]
]
