[
  ["", "Shanese Johnson", "Stella Tsai", "Deborah Cianfrani", "Crystal B Powell", "Vikki Kristiansson", "Deborah Canty", "Zac Shaffer", "Danyl S Patterson", "Mark B Cohen", "Leon Goodman", "Rania Major", "Lucretia C Clemons", "Daniel R Sulman", "John Macoretta", "David Conroy", "Vincent Furlong", "Brian Mclaughlin", "Vincent Melchiorre", "Lawrence J Bozzelli", "Jennifer Schultz", "Terri M Booker", "Henry Mc Sias", "Wendi Barish", "Mark J Moore", "Leonard Deutchman", "Bill Rice", "Jon Marshall", "Dawn M Tancredi", "Matthew C Monroe", "Betsy Wahl", "Christian Dicicco"],
  ["Shanese Johnson", "52", "369", "380", "379", "200", "243", "269", "279", "187", "163", "211", "227", "240", "120", "182", "121", "104", "199", "127", "122", "123", "85", "98", "66", "40", "50", "37", "2", "1", "1", "0"],
  ["Stella Tsai", "369", "56", "403", "247", "267", "176", "226", "198", "136", "119", "253", "163", "224", "191", "169", "166", "175", "173", "174", "109", "78", "170", "98", "44", "30", "36", "26", "2", "2", "0", "1"],
  ["Deborah Cianfrani", "380", "403", "19", "270", "272", "171", "214", "175", "162", "131", "272", "147", "172", "200", "132", "179", "171", "145", "195", "114", "96", "171", "96", "55", "28", "31", "28", "4", "1", "0", "0"],
  ["Crystal B Powell", "379", "247", "270", "22", "137", "232", "291", "322", "151", "184", "114", "251", "203", "50", "208", "83", "50", "186", "48", "112", "138", "37", "86", "95", "16", "54", "52", "0", "0", "1", "1"],
  ["Vikki Kristiansson", "200", "267", "272", "137", "28", "228", "199", "151", "196", "194", "252", "125", "59", "241", "150", "181", "161", "57", "174", "90", "56", "166", "77", "44", "81", "17", "14", "3", "1", "0", "1"],
  ["Deborah Canty", "243", "176", "171", "232", "228", "37", "190", "202", "238", "240", "166", "161", "100", "102", "122", "103", "65", "64", "63", "138", "118", "60", "104", "86", "100", "45", "40", "1", "2", "0", "1"],
  ["Zac Shaffer", "269", "226", "214", "291", "199", "190", "12", "284", "160", "204", "80", "161", "211", "105", "260", "70", "53", "223", "55", "58", "43", "26", "61", "32", "77", "23", "13", "2", "2", "1", "1"],
  ["Danyl S Patterson", "279", "198", "175", "322", "151", "202", "284", "30", "165", "166", "77", "168", "197", "94", "250", "68", "44", "183", "41", "44", "69", "21", "43", "55", "64", "42", "38", "1", "0", "0", "1"],
  ["Mark B Cohen", "187", "136", "162", "151", "196", "238", "160", "165", "52", "198", "133", "86", "65", "123", "109", "140", "102", "50", "81", "98", "72", "67", "42", "49", "76", "41", "36", "0", "1", "0", "1"],
  ["Leon Goodman", "163", "119", "131", "184", "194", "240", "204", "166", "198", "18", "96", "150", "79", "104", "152", "82", "57", "59", "48", "93", "105", "54", "91", "77", "97", "55", "33", "1", "0", "0", "0"],
  ["Rania Major", "211", "253", "272", "114", "252", "166", "80", "77", "133", "96", "14", "95", "58", "162", "40", "190", "190", "50", "176", "101", "86", "158", "70", "47", "25", "36", "29", "3", "0", "0", "1"],
  ["Lucretia C Clemons", "227", "163", "147", "251", "125", "161", "161", "168", "86", "150", "95", "10", "119", "26", "127", "46", "46", "103", "23", "95", "103", "33", "94", "82", "9", "41", "33", "0", "0", "2", "1"],
  ["Daniel R Sulman", "240", "224", "172", "203", "59", "100", "211", "197", "65", "79", "58", "119", "6", "58", "159", "36", "37", "188", "50", "51", "38", "36", "51", "38", "34", "27", "20", "1", "1", "1", "1"],
  ["John Macoretta", "120", "191", "200", "50", "241", "102", "105", "94", "123", "104", "162", "26", "58", "12", "67", "149", "143", "45", "184", "33", "16", "157", "36", "24", "69", "11", "14", "5", "2", "0", "0"],
  ["David Conroy", "182", "169", "132", "208", "150", "122", "260", "250", "109", "152", "40", "127", "159", "67", "3", "48", "27", "148", "13", "18", "24", "8", "16", "24", "53", "22", "14", "0", "3", "1", "0"],
  ["Vincent Furlong", "121", "166", "179", "83", "181", "103", "70", "68", "140", "82", "190", "46", "36", "149", "48", "19", "151", "29", "137", "49", "52", "146", "30", "31", "28", "31", "25", "3", "1", "0", "0"],
  ["Brian Mclaughlin", "104", "175", "171", "50", "161", "65", "53", "44", "102", "57", "190", "46", "37", "143", "27", "151", "31", "38", "150", "46", "31", "129", "31", "34", "18", "25", "25", "2", "1", "0", "0"],
  ["Vincent Melchiorre", "199", "173", "145", "186", "57", "64", "223", "183", "50", "59", "50", "103", "188", "45", "148", "29", "38", "7", "38", "28", "18", "15", "39", "23", "32", "15", "19", "2", "2", "1", "0"],
  ["Lawrence J Bozzelli", "127", "174", "195", "48", "174", "63", "55", "41", "81", "48", "176", "23", "50", "184", "13", "137", "150", "38", "10", "35", "34", "153", "35", "20", "25", "13", "10", "1", "0", "0", "0"],
  ["Jennifer Schultz", "122", "109", "114", "112", "90", "138", "58", "44", "98", "93", "101", "95", "51", "33", "18", "49", "46", "28", "35", "4", "70", "40", "102", "54", "37", "24", "23", "1", "0", "0", "1"],
  ["Terri M Booker", "123", "78", "96", "138", "56", "118", "43", "69", "72", "105", "86", "103", "38", "16", "24", "52", "31", "18", "34", "70", "14", "34", "52", "53", "13", "36", "32", "0", "0", "0", "0"],
  ["Henry Mc Sias", "85", "170", "171", "37", "166", "60", "26", "21", "67", "54", "158", "33", "36", "157", "8", "146", "129", "15", "153", "40", "34", "4", "35", "33", "19", "12", "9", "2", "0", "0", "0"],
  ["Wendi Barish", "98", "98", "96", "86", "77", "104", "61", "43", "42", "91", "70", "94", "51", "36", "16", "30", "31", "39", "35", "102", "52", "35", "3", "38", "20", "19", "16", "1", "1", "0", "0"],
  ["Mark J Moore", "66", "44", "55", "95", "44", "86", "32", "55", "49", "77", "47", "82", "38", "24", "24", "31", "34", "23", "20", "54", "53", "33", "38", "5", "16", "35", "35", "0", "1", "0", "1"],
  ["Leonard Deutchman", "40", "30", "28", "16", "81", "100", "77", "64", "76", "97", "25", "9", "34", "69", "53", "28", "18", "32", "25", "37", "13", "19", "20", "16", "1", "13", "10", "3", "0", "0", "0"],
  ["Bill Rice", "50", "36", "31", "54", "17", "45", "23", "42", "41", "55", "36", "41", "27", "11", "22", "31", "25", "15", "13", "24", "36", "12", "19", "35", "13", "2", "22", "0", "0", "0", "0"],
  ["Jon Marshall", "37", "26", "28", "52", "14", "40", "13", "38", "36", "33", "29", "33", "20", "14", "14", "25", "25", "19", "10", "23", "32", "9", "16", "35", "10", "22", "1", "0", "1", "1", "1"],
  ["Dawn M Tancredi", "2", "2", "4", "0", "3", "1", "2", "1", "0", "1", "3", "0", "1", "5", "0", "3", "2", "2", "1", "1", "0", "2", "1", "0", "3", "0", "0", "0", "0", "0", "0"],
  ["Matthew C Monroe", "1", "2", "1", "0", "1", "2", "2", "0", "1", "0", "0", "0", "1", "2", "3", "1", "1", "2", "0", "0", "0", "0", "1", "1", "0", "0", "1", "0", "0", "0", "0"],
  ["Betsy Wahl", "1", "0", "0", "1", "0", "0", "1", "0", "0", "0", "0", "2", "1", "0", "1", "0", "0", "1", "0", "0", "0", "0", "0", "0", "0", "0", "1", "0", "0", "0", "0"],
  ["Christian Dicicco", "0", "1", "0", "1", "1", "1", "1", "1", "1", "0", "1", "1", "1", "0", "0", "0", "0", "0", "0", "1", "0", "0", "0", "1", "0", "0", "1", "0", "0", "0", "0"],
  ["Total", "760", "700", "665", "631", "572", "558", "532", "528", "505", "459", "459", "406", "374", "362", "349", "345", "324", "317", "299", "258", "253", "252", "208", "170", "145", "114", "97", "5", "3", "2", "2"]
]
