[
  ["", "Vikki Kristiansson", "Stella Tsai", "Wendi Barish", "Lucretia C Clemons", "Leon Goodman", "Jennifer Schultz", "Henry Mc Sias", "Zac Shaffer", "Daniel R Sulman", "John Macoretta", "Deborah Canty", "Deborah Cianfrani", "Lawrence J Bozzelli", "Mark B Cohen", "Rania Major", "David Conroy", "Vincent Furlong", "Brian Mclaughlin", "Shanese Johnson", "Leonard Deutchman", "Crystal B Powell", "Terri M Booker", "Mark J Moore", "Vincent Melchiorre", "Danyl S Patterson", "Jon Marshall", "Bill Rice", "Matthew C Monroe", "Christian Dicicco", "Dawn M Tancredi", "Write In", "Betsy Wahl"],
  ["Vikki Kristiansson", "   65", "2,471", "1,896", "1,921", "1,399", "1,257", "1,334", "1,253", "1,284", "1,340", "1,033", "816", "760", "493", "675", "741", "586", "542", "553", "355", "292", "250", "238", "129", "167", "128", "37", "2", "1", "1", "2", "1"],
  ["Stella Tsai", "2,471", "125", "1,928", "1,767", "1,190", "1,319", "1,206", "1,285", "1,350", "1,096", "1,077", "888", "793", "514", "707", "747", "574", "549", "556", "334", "321", "245", "259", "163", "165", "135", "44", "2", "0", "1", "2", "1"],
  ["Wendi Barish", "1,896", "1,928", "58", "1,513", "1,134", "1,255", "738", "1,113", "1,114", "834", "1,065", "663", "552", "397", "473", "715", "353", "337", "427", "370", "312", "248", "238", "147", "109", "130", "35", "1", "0", "1", "1", "1"],
  ["Lucretia C Clemons", "1,921", "1,767", "1,513", "17", "1,205", "926", "1,029", "1,115", "1,043", "933", "770", "354", "413", "258", "275", "740", "233", "214", "292", "261", "294", "211", "271", "104", "150", "134", "42", "1", "0", "0", "1", "0"],
  ["Leon Goodman", "1,399", "1,190", "1,134", "1,205", "10", "499", "677", "956", "948", "944", "383", "205", "398", "325", "178", "674", "257", "258", "177", "263", "93", "105", "195", "108", "78", "87", "42", "1", "1", "1", "0", "1"],
  ["Jennifer Schultz", "1,257", "1,319", "1,255", "926", "499", "16", "602", "532", "482", "399", "1,022", "684", "358", "382", "496", "215", "296", "321", "454", "317", "345", "287", "251", "117", "87", "123", "43", "2", "1", "1", "1", "0"],
  ["Henry Mc Sias", "1,334", "1,206", "738", "1,029", "677", "602", "52", "658", "640", "753", "424", "340", "450", "344", "286", "178", "413", "376", "196", "184", "85", "72", "172", "120", "124", "64", "26", "2", "0", "0", "1", "0"],
  ["Zac Shaffer", "1,253", "1,285", "1,113", "1,115", "956", "532", "658", "6", "1,102", "640", "350", "187", "341", "372", "143", "660", "200", "202", "109", "181", "56", "54", "125", "148", "113", "82", "36", "0", "0", "1", "2", "1"],
  ["Daniel R Sulman", "1,284", "1,350", "1,114", "1,043", "948", "482", "640", "1,102", "17", "709", "339", "179", "370", "320", "152", "644", "234", "224", "130", "222", "58", "53", "88", "133", "115", "64", "33", "1", "1", "0", "1", "1"],
  ["John Macoretta", "1,340", "1,096", "834", "933", "944", "399", "753", "640", "709", "14", "283", "302", "447", "213", "272", "492", "397", "376", "169", "198", "40", "54", "99", "79", "64", "66", "27", "3", "0", "0", "0", "1"],
  ["Deborah Canty", "1,033", "1,077", "1,065", "770", "383", "1,022", "424", "350", "339", "283", "3", "582", "360", "253", "444", "181", "291", "276", "408", "244", "286", "212", "188", "98", "76", "114", "33", "2", "0", "0", "0", "0"],
  ["Deborah Cianfrani", "  816", "888", "663", "354", "205", "684", "340", "187", "179", "302", "582", "19", "345", "367", "650", "45", "343", "342", "455", "90", "290", "228", "60", "106", "63", "41", "36", "2", "0", "0", "0", "0"],
  ["Lawrence J Bozzelli", "  760", "793", "552", "413", "398", "358", "450", "341", "370", "447", "360", "345", "27", "243", "287", "250", "440", "445", "143", "225", "38", "46", "111", "91", "47", "79", "29", "1", "0", "0", "1", "0"],
  ["Mark B Cohen", "  493", "514", "397", "258", "325", "382", "344", "372", "320", "213", "253", "367", "243", "49", "292", "76", "241", "259", "220", "132", "89", "92", "63", "104", "97", "48", "47", "2", "0", "0", "0", "0"],
  ["Rania Major", "  675", "707", "473", "275", "178", "496", "286", "143", "152", "272", "444", "650", "287", "292", "16", "35", "314", "286", "429", "87", "213", "138", "42", "75", "51", "35", "37", "3", "1", "0", "0", "0"],
  ["David Conroy", "  741", "747", "715", "740", "674", "215", "178", "660", "644", "492", "181", "45", "250", "76", "35", "5", "135", "111", "27", "151", "36", "33", "90", "63", "30", "78", "29", "0", "0", "0", "0", "1"],
  ["Vincent Furlong", "  586", "574", "353", "233", "257", "296", "413", "200", "234", "397", "291", "343", "440", "241", "314", "135", "13", "462", "181", "163", "62", "53", "68", "100", "43", "45", "41", "1", "1", "0", "1", "0"],
  ["Brian Mclaughlin", "  542", "549", "337", "214", "258", "321", "376", "202", "224", "376", "276", "342", "445", "259", "286", "111", "462", "23", "155", "138", "63", "54", "106", "97", "41", "75", "44", "1", "0", "0", "1", "0"],
  ["Shanese Johnson", "  553", "556", "427", "292", "177", "454", "196", "109", "130", "169", "408", "455", "143", "220", "429", "27", "181", "155", "13", "74", "232", "182", "47", "52", "89", "28", "32", "2", "0", "0", "0", "0"],
  ["Leonard Deutchman", "  355", "334", "370", "261", "263", "317", "184", "181", "222", "198", "244", "90", "225", "132", "87", "151", "163", "138", "74", "5", "21", "58", "102", "70", "57", "58", "27", "0", "1", "1", "1", "0"],
  ["Crystal B Powell", "  292", "321", "312", "294", "93", "345", "85", "56", "58", "40", "286", "290", "38", "89", "213", "36", "62", "63", "232", "21", "3", "201", "63", "36", "66", "31", "35", "0", "0", "0", "0", "0"],
  ["Terri M Booker", "  250", "245", "248", "211", "105", "287", "72", "54", "53", "54", "212", "228", "46", "92", "138", "33", "53", "54", "182", "58", "201", "1", "64", "39", "86", "38", "33", "0", "0", "0", "0", "0"],
  ["Mark J Moore", "  238", "259", "238", "271", "195", "251", "172", "125", "88", "99", "188", "60", "111", "63", "42", "90", "68", "106", "47", "102", "63", "64", "1", "36", "37", "96", "34", "0", "0", "1", "1", "0"],
  ["Vincent Melchiorre", "  129", "163", "147", "104", "108", "117", "120", "148", "133", "79", "98", "106", "91", "104", "75", "63", "100", "97", "52", "70", "36", "39", "36", "16", "36", "26", "28", "0", "0", "0", "0", "0"],
  ["Danyl S Patterson", "  167", "165", "109", "150", "78", "87", "124", "113", "115", "64", "76", "63", "47", "97", "51", "30", "43", "41", "89", "57", "66", "86", "37", "36", "0", "26", "36", "0", "0", "0", "0", "0"],
  ["Jon Marshall", "  128", "135", "130", "134", "87", "123", "64", "82", "64", "66", "114", "41", "79", "48", "35", "78", "45", "75", "28", "58", "31", "38", "96", "26", "26", "2", "22", "0", "0", "0", "0", "0"],
  ["Bill Rice", "   37", "44", "35", "42", "42", "43", "26", "36", "33", "27", "33", "36", "29", "47", "37", "29", "41", "44", "32", "27", "35", "33", "34", "28", "36", "22", "1", "0", "1", "0", "0", "0"],
  ["Matthew C Monroe", "    2", "2", "1", "1", "1", "2", "2", "0", "1", "3", "2", "2", "1", "2", "3", "0", "1", "1", "2", "0", "0", "0", "0", "0", "0", "0", "0", "0", "0", "0", "0", "0"],
  ["Christian Dicicco", "    1", "0", "0", "0", "1", "1", "0", "0", "1", "0", "0", "0", "0", "0", "1", "0", "1", "0", "0", "1", "0", "0", "0", "0", "0", "0", "1", "0", "1", "0", "0", "0"],
  ["Dawn M Tancredi", "    1", "1", "1", "0", "1", "1", "0", "1", "0", "0", "0", "0", "0", "0", "0", "0", "0", "0", "0", "1", "0", "0", "1", "0", "0", "0", "0", "0", "0", "1", "0", "0"],
  ["Write In", "    2", "2", "1", "1", "0", "1", "1", "2", "1", "0", "0", "0", "1", "0", "0", "0", "1", "1", "0", "1", "0", "0", "1", "0", "0", "0", "0", "0", "0", "0", "0", "0"],
  ["Betsy Wahl", "    1", "1", "1", "0", "1", "0", "0", "1", "1", "1", "0", "0", "0", "0", "0", "1", "0", "0", "0", "0", "0", "0", "0", "0", "0", "0", "0", "0", "0", "0", "0", "0"],
  ["Total", "3,292", "3,230", "2,572", "2,391", "1,824", "1,819", "1,799", "1,714", "1,685", "1,606", "1,459", "1,224", "1,155", "1,010", "983", "969", "946", "934", "806", "607", "490", "434", "420", "374", "283", "251", "129", "4", "2", "2", "2", "1"]
]
