[
  ["", "Vikki Kristiansson", "Brian Mclaughlin", "Stella Tsai", "David Conroy", "Vincent Furlong", "Zac Shaffer", "Mark B Cohen", "Deborah Cianfrani", "Crystal B Powell", "Vincent Melchiorre", "Wendi Barish", "Deborah Canty", "Jennifer Schultz", "Daniel R Sulman", "Rania Major", "Lawrence J Bozzelli", "John Macoretta", "Lucretia C Clemons", "Leon Goodman", "Shanese Johnson", "Henry Mc Sias", "Leonard Deutchman", "Terri M Booker", "Bill Rice", "Mark J Moore", "Danyl S Patterson", "Jon Marshall", "Betsy Wahl", "Christian Dicicco", "Dawn M Tancredi"],
  ["Vikki Kristiansson", "9", "194", "361", "214", "256", "217", "158", "211", "178", "159", "209", "176", "162", "157", "165", "125", "140", "168", "89", "105", "107", "56", "50", "29", "31", "36", "24", "0", "0", "0"],
  ["Brian Mclaughlin", "194", "53", "206", "158", "226", "115", "194", "217", "88", "155", "81", "94", "113", "91", "120", "151", "147", "73", "87", "83", "112", "61", "35", "48", "48", "42", "51", "0", "0", "0"],
  ["Stella Tsai", "361", "206", "14", "182", "240", "175", "143", "230", "152", "166", "197", "165", "156", "142", "151", "118", "123", "164", "80", "105", "113", "46", "47", "27", "21", "30", "27", "0", "1", "0"],
  ["David Conroy", "214", "158", "182", "26", "199", "316", "115", "94", "258", "196", "112", "83", "64", "143", "49", "59", "58", "122", "59", "46", "34", "38", "32", "46", "42", "38", "35", "1", "0", "0"],
  ["Vincent Furlong", "256", "226", "240", "199", "28", "171", "153", "171", "124", "189", "121", "89", "80", "132", "110", "119", "119", "104", "58", "89", "98", "44", "30", "41", "19", "23", "34", "0", "0", "0"],
  ["Zac Shaffer", "217", "115", "175", "316", "171", "15", "131", "91", "252", "181", "139", "94", "88", "164", "64", "68", "62", "96", "86", "40", "43", "45", "29", "33", "28", "29", "20", "1", "0", "1"],
  ["Mark B Cohen", "158", "194", "143", "115", "153", "131", "37", "175", "102", "101", "85", "107", "112", "107", "116", "105", "106", "55", "104", "76", "68", "65", "41", "50", "30", "36", "26", "0", "1", "0"],
  ["Deborah Cianfrani", "211", "217", "230", "94", "171", "91", "175", "11", "123", "114", "109", "147", "137", "59", "146", "132", "135", "62", "47", "94", "96", "41", "53", "34", "21", "40", "22", "0", "1", "0"],
  ["Crystal B Powell", "178", "88", "152", "258", "124", "252", "102", "123", "3", "114", "119", "108", "81", "89", "63", "24", "29", "106", "44", "67", "17", "17", "66", "39", "26", "39", "19", "0", "1", "0"],
  ["Vincent Melchiorre", "159", "155", "166", "196", "189", "181", "101", "114", "114", "10", "106", "75", "68", "128", "41", "76", "58", "101", "54", "49", "32", "46", "27", "33", "21", "33", "27", "0", "0", "1"],
  ["Wendi Barish", "209", "81", "197", "112", "121", "139", "85", "109", "119", "106", "8", "144", "150", "112", "80", "52", "43", "117", "72", "63", "40", "34", "51", "25", "18", "14", "19", "0", "1", "0"],
  ["Deborah Canty", "176", "94", "165", "83", "89", "94", "107", "147", "108", "75", "144", "4", "166", "67", "99", "54", "52", "93", "62", "72", "44", "38", "57", "27", "30", "29", "25", "0", "0", "1"],
  ["Jennifer Schultz", "162", "113", "156", "64", "80", "88", "112", "137", "81", "68", "150", "166", "4", "72", "85", "63", "47", "83", "78", "61", "38", "52", "56", "31", "33", "20", "29", "0", "0", "1"],
  ["Daniel R Sulman", "157", "91", "142", "143", "132", "164", "107", "59", "89", "128", "112", "67", "72", "8", "47", "37", "42", "85", "66", "21", "38", "39", "20", "22", "23", "16", "24", "0", "0", "1"],
  ["Rania Major", "165", "120", "151", "49", "110", "64", "116", "146", "63", "41", "80", "99", "85", "47", "4", "96", "96", "41", "53", "94", "83", "27", "32", "23", "15", "15", "13", "0", "0", "0"],
  ["Lawrence J Bozzelli", "125", "151", "118", "59", "119", "68", "105", "132", "24", "76", "52", "54", "63", "37", "96", "5", "138", "29", "58", "45", "86", "43", "13", "24", "23", "11", "16", "0", "0", "0"],
  ["John Macoretta", "140", "147", "123", "58", "119", "62", "106", "135", "29", "58", "43", "52", "47", "42", "96", "138", "10", "28", "51", "49", "94", "36", "13", "17", "20", "12", "18", "0", "0", "0"],
  ["Lucretia C Clemons", "168", "73", "164", "122", "104", "96", "55", "62", "106", "101", "117", "93", "83", "85", "41", "29", "28", "4", "40", "54", "28", "19", "38", "16", "30", "22", "21", "0", "0", "0"],
  ["Leon Goodman", "89", "87", "80", "59", "58", "86", "104", "47", "44", "54", "72", "62", "78", "66", "53", "58", "51", "40", "4", "46", "40", "53", "26", "29", "35", "26", "22", "0", "0", "1"],
  ["Shanese Johnson", "105", "83", "105", "46", "89", "40", "76", "94", "67", "49", "63", "72", "61", "21", "94", "45", "49", "54", "46", "10", "40", "11", "39", "15", "13", "14", "12", "0", "1", "0"],
  ["Henry Mc Sias", "107", "112", "113", "34", "98", "43", "68", "96", "17", "32", "40", "44", "38", "38", "83", "86", "94", "28", "40", "40", "5", "22", "8", "19", "13", "12", "12", "0", "0", "0"],
  ["Leonard Deutchman", "56", "61", "46", "38", "44", "45", "65", "41", "17", "46", "34", "38", "52", "39", "27", "43", "36", "19", "53", "11", "22", "0", "7", "24", "15", "23", "14", "0", "0", "1"],
  ["Terri M Booker", "50", "35", "47", "32", "30", "29", "41", "53", "66", "27", "51", "57", "56", "20", "32", "13", "13", "38", "26", "39", "8", "7", "1", "20", "25", "13", "19", "0", "1", "0"],
  ["Bill Rice", "29", "48", "27", "46", "41", "33", "50", "34", "39", "33", "25", "27", "31", "22", "23", "24", "17", "16", "29", "15", "19", "24", "20", "2", "21", "19", "20", "0", "1", "0"],
  ["Mark J Moore", "31", "48", "21", "42", "19", "28", "30", "21", "26", "21", "18", "30", "33", "23", "15", "23", "20", "30", "35", "13", "13", "15", "25", "21", "1", "16", "28", "0", "0", "0"],
  ["Danyl S Patterson", "36", "42", "30", "38", "23", "29", "36", "40", "39", "33", "14", "29", "20", "16", "15", "11", "12", "22", "26", "14", "12", "23", "13", "19", "16", "1", "9", "0", "0", "0"],
  ["Jon Marshall", "24", "51", "27", "35", "34", "20", "26", "22", "19", "27", "19", "25", "29", "24", "13", "16", "18", "21", "22", "12", "12", "14", "19", "20", "28", "9", "3", "0", "0", "0"],
  ["Betsy Wahl", "0", "0", "0", "1", "0", "1", "0", "0", "0", "0", "0", "0", "0", "0", "0", "0", "0", "0", "0", "0", "0", "0", "0", "0", "0", "0", "0", "0", "0", "0"],
  ["Christian Dicicco", "0", "0", "1", "0", "0", "0", "1", "1", "1", "0", "1", "0", "0", "0", "0", "0", "0", "0", "0", "1", "0", "0", "1", "1", "0", "0", "0", "0", "0", "0"],
  ["Dawn M Tancredi", "0", "0", "0", "0", "0", "1", "0", "0", "0", "1", "0", "1", "1", "1", "0", "0", "0", "0", "1", "0", "0", "1", "0", "0", "0", "0", "0", "0", "0", "0"],
  ["Total", "556", "552", "529", "526", "506", "501", "451", "439", "408", "379", "328", "307", "301", "300", "270", "263", "262", "254", "214", "208", "188", "127", "115", "106", "96", "92", "88", "1", "1", "1"]
]
