[
  ["", "Vikki Kristiansson", "Stella Tsai", "Lucretia C Clemons", "Henry Mc Sias", "Leon Goodman", "Zac Shaffer", "John Macoretta", "Daniel R Sulman", "Jennifer Schultz", "David Conroy", "Wendi Barish", "Deborah Canty", "Deborah Cianfrani", "Rania Major", "Shanese Johnson", "Lawrence J Bozzelli", "Vincent Furlong", "Crystal B Powell", "Mark B Cohen", "Brian Mclaughlin", "Terri M Booker", "Mark J Moore", "Leonard Deutchman", "Vincent Melchiorre", "Danyl S Patterson", "Jon Marshall", "Bill Rice", "Dawn M Tancredi", "Christian Dicicco"],
  ["Vikki Kristiansson", "   28", "1,045", "857", "772", "582", "625", "626", "602", "413", "471", "381", "336", "272", "220", "197", "169", "150", "120", "110", "142", "72", "69", "95", "58", "56", "29", "14", "2", "1"],
  ["Stella Tsai", "1,045", "31", "839", "768", "549", "598", "614", "618", "418", "452", "385", "326", "261", "234", "179", "178", "162", "101", "99", "150", "73", "74", "90", "74", "50", "38", "15", "1", "0"],
  ["Lucretia C Clemons", "  857", "839", "10", "679", "564", "600", "494", "562", "378", "474", "342", "269", "148", "96", "136", "75", "63", "156", "75", "53", "90", "96", "79", "54", "75", "32", "13", "1", "1"],
  ["Henry Mc Sias", "  772", "768", "679", "20", "523", "564", "559", "530", "252", "388", "213", "150", "141", "101", "58", "136", "123", "51", "81", "118", "42", "79", "45", "48", "38", "22", "9", "0", "0"],
  ["Leon Goodman", "  582", "549", "564", "523", "2", "492", "467", "468", "163", "420", "136", "132", "91", "46", "73", "60", "47", "82", "66", "57", "54", "82", "47", "32", "32", "26", "10", "0", "0"],
  ["Zac Shaffer", "  625", "598", "600", "564", "492", "3", "436", "514", "165", "431", "154", "97", "55", "36", "51", "49", "28", "56", "76", "44", "25", "38", "38", "59", "42", "19", "8", "0", "0"],
  ["John Macoretta", "  626", "614", "494", "559", "467", "436", "5", "453", "124", "408", "108", "85", "112", "101", "62", "139", "127", "25", "56", "119", "18", "23", "53", "30", "6", "21", "11", "0", "0"],
  ["Daniel R Sulman", "  602", "618", "562", "530", "468", "514", "453", "3", "160", "414", "148", "101", "41", "29", "34", "48", "50", "29", "45", "46", "18", "26", "51", "34", "21", "18", "8", "0", "0"],
  ["Jennifer Schultz", "  413", "418", "378", "252", "163", "165", "124", "160", "4", "72", "386", "318", "208", "149", "144", "83", "61", "135", "73", "68", "96", "96", "97", "53", "29", "38", "11", "2", "1"],
  ["David Conroy", "  471", "452", "474", "388", "420", "431", "408", "414", "72", "0", "65", "61", "28", "13", "35", "36", "28", "51", "27", "27", "14", "24", "43", "21", "22", "18", "7", "0", "0"],
  ["Wendi Barish", "  381", "385", "342", "213", "136", "154", "108", "148", "386", "65", "2", "286", "173", "142", "136", "69", "53", "117", "65", "60", "80", "80", "83", "49", "37", "27", "9", "0", "1"],
  ["Deborah Canty", "  336", "326", "269", "150", "132", "97", "85", "101", "318", "61", "286", "5", "164", "131", "160", "80", "63", "109", "65", "61", "69", "61", "67", "32", "34", "26", "11", "1", "1"],
  ["Deborah Cianfrani", "  272", "261", "148", "141", "91", "55", "112", "41", "208", "28", "173", "164", "12", "212", "170", "95", "105", "123", "65", "91", "84", "35", "20", "30", "15", "8", "10", "1", "1"],
  ["Rania Major", "  220", "234", "96", "101", "46", "36", "101", "29", "149", "13", "142", "131", "212", "6", "143", "102", "106", "80", "77", "92", "51", "10", "18", "22", "17", "14", "9", "0", "0"],
  ["Shanese Johnson", "  197", "179", "136", "58", "73", "51", "62", "34", "144", "35", "136", "160", "170", "143", "19", "47", "63", "111", "62", "43", "61", "11", "16", "27", "36", "7", "13", "0", "1"],
  ["Lawrence J Bozzelli", "  169", "178", "75", "136", "60", "49", "139", "48", "83", "36", "69", "80", "95", "102", "47", "2", "126", "14", "42", "117", "11", "26", "42", "23", "7", "20", "11", "0", "0"],
  ["Vincent Furlong", "  150", "162", "63", "123", "47", "28", "127", "50", "61", "28", "53", "63", "105", "106", "63", "126", "5", "28", "48", "106", "15", "19", "23", "21", "12", "17", "12", "0", "0"],
  ["Crystal B Powell", "  120", "101", "156", "51", "82", "56", "25", "29", "135", "51", "117", "109", "123", "80", "111", "14", "28", "0", "47", "16", "88", "38", "9", "24", "43", "12", "10", "0", "0"],
  ["Mark B Cohen", "  110", "99", "75", "81", "66", "76", "56", "45", "73", "27", "65", "65", "65", "77", "62", "42", "48", "47", "13", "51", "31", "14", "14", "28", "27", "23", "17", "3", "0"],
  ["Brian Mclaughlin", "  142", "150", "53", "118", "57", "44", "119", "46", "68", "27", "60", "61", "91", "92", "43", "117", "106", "16", "51", "2", "14", "24", "20", "22", "6", "19", "9", "0", "0"],
  ["Terri M Booker", "   72", "73", "90", "42", "54", "25", "18", "18", "96", "14", "80", "69", "84", "51", "61", "11", "15", "88", "31", "14", "0", "36", "6", "6", "17", "11", "16", "2", "1"],
  ["Mark J Moore", "   69", "74", "96", "79", "82", "38", "23", "26", "96", "24", "80", "61", "35", "10", "11", "26", "19", "38", "14", "24", "36", "0", "25", "9", "11", "24", "10", "0", "0"],
  ["Leonard Deutchman", "   95", "90", "79", "45", "47", "38", "53", "51", "97", "43", "83", "67", "20", "18", "16", "42", "23", "9", "14", "20", "6", "25", "0", "14", "3", "20", "9", "0", "0"],
  ["Vincent Melchiorre", "   58", "74", "54", "48", "32", "59", "30", "34", "53", "21", "49", "32", "30", "22", "27", "23", "21", "24", "28", "22", "6", "9", "14", "2", "22", "5", "8", "0", "0"],
  ["Danyl S Patterson", "   56", "50", "75", "38", "32", "42", "6", "21", "29", "22", "37", "34", "15", "17", "36", "7", "12", "43", "27", "6", "17", "11", "3", "22", "0", "4", "7", "0", "0"],
  ["Jon Marshall", "   29", "38", "32", "22", "26", "19", "21", "18", "38", "18", "27", "26", "8", "14", "7", "20", "17", "12", "23", "19", "11", "24", "20", "5", "4", "3", "13", "0", "0"],
  ["Bill Rice", "   14", "15", "13", "9", "10", "8", "11", "8", "11", "7", "9", "11", "10", "9", "13", "11", "12", "10", "17", "9", "16", "10", "9", "8", "7", "13", "0", "0", "0"],
  ["Dawn M Tancredi", "    2", "1", "1", "0", "0", "0", "0", "0", "2", "0", "0", "1", "1", "0", "0", "0", "0", "0", "3", "0", "2", "0", "0", "0", "0", "0", "0", "0", "0"],
  ["Christian Dicicco", "    1", "0", "1", "0", "0", "0", "0", "0", "1", "0", "1", "1", "1", "0", "1", "0", "0", "0", "0", "0", "1", "0", "0", "0", "0", "0", "0", "0", "0"],
  ["Total", "1,240", "1,223", "1,039", "926", "721", "718", "700", "675", "575", "528", "507", "456", "389", "310", "307", "238", "231", "228", "213", "211", "150", "140", "137", "121", "92", "70", "39", "3", "1"]
]
