[
  ["", "Stella Tsai", "Deborah Cianfrani", "Vikki Kristiansson", "Vincent Furlong", "Zac Shaffer", "Daniel R Sulman", "Lucretia C Clemons", "Vincent Melchiorre", "Deborah Canty", "David Conroy", "Shanese Johnson", "Mark B Cohen", "Rania Major", "Brian Mclaughlin", "John Macoretta", "Lawrence J Bozzelli", "Leon Goodman", "Henry Mc Sias", "Crystal B Powell", "Jennifer Schultz", "Wendi Barish", "Terri M Booker", "Mark J Moore", "Danyl S Patterson", "Jon Marshall", "Leonard Deutchman", "Bill Rice", "Christian Dicicco", "Dawn M Tancredi", "Matthew C Monroe"],
  ["Stella Tsai", "58", "434", "430", "367", "236", "248", "225", "215", "108", "202", "125", "92", "154", "118", "117", "113", "59", "122", "53", "72", "67", "37", "25", "20", "19", "23", "13", "2", "1", "0"],
  ["Deborah Cianfrani", "434", "10", "402", "372", "217", "220", "224", "205", "102", "186", "118", "102", "145", "121", "114", "116", "49", "113", "56", "74", "61", "42", "27", "19", "18", "20", "17", "2", "1", "0"],
  ["Vikki Kristiansson", "430", "402", "11", "358", "237", "234", "219", "204", "99", "209", "102", "94", "139", "111", "113", "111", "61", "100", "57", "67", "49", "30", "17", "32", "11", "13", "12", "1", "0", "0"],
  ["Vincent Furlong", "367", "372", "358", "12", "210", "215", "194", "197", "72", "188", "81", "88", "110", "101", "95", "89", "45", "97", "38", "47", "30", "21", "21", "24", "18", "14", "10", "2", "0", "0"],
  ["Zac Shaffer", "236", "217", "237", "210", "5", "231", "198", "216", "52", "205", "29", "65", "27", "19", "13", "20", "43", "20", "35", "29", "32", "14", "14", "28", "14", "17", "11", "1", "1", "1"],
  ["Daniel R Sulman", "248", "220", "234", "215", "231", "6", "196", "215", "63", "196", "43", "53", "31", "24", "25", "30", "44", "30", "27", "35", "37", "12", "14", "16", "15", "24", "5", "1", "1", "2"],
  ["Lucretia C Clemons", "225", "224", "219", "194", "198", "196", "10", "177", "69", "190", "59", "56", "38", "17", "10", "13", "39", "20", "58", "47", "39", "34", "26", "27", "17", "3", "11", "3", "2", "0"],
  ["Vincent Melchiorre", "215", "205", "204", "197", "216", "215", "177", "1", "48", "186", "32", "42", "29", "19", "18", "20", "42", "13", "20", "24", "25", "15", "14", "15", "8", "18", "8", "1", "1", "1"],
  ["Deborah Canty", "108", "102", "99", "72", "52", "63", "69", "48", "38", "38", "92", "78", "63", "38", "32", "39", "74", "31", "74", "82", "73", "38", "27", "32", "21", "22", "14", "0", "2", "2"],
  ["David Conroy", "202", "186", "209", "188", "205", "196", "190", "186", "38", "3", "19", "41", "13", "11", "7", "6", "34", "14", "37", "12", "12", "13", "8", "27", "10", "4", "7", "0", "1", "0"],
  ["Shanese Johnson", "125", "118", "102", "81", "29", "43", "59", "32", "92", "19", "37", "82", "97", "63", "53", "55", "56", "45", "74", "67", "55", "50", "27", "25", "23", "8", "21", "1", "1", "0"],
  ["Mark B Cohen", "92", "102", "94", "88", "65", "53", "56", "42", "78", "41", "82", "32", "62", "65", "43", "46", "61", "42", "57", "59", "35", "21", "20", "31", "24", "17", "14", "1", "1", "0"],
  ["Rania Major", "154", "145", "139", "110", "27", "31", "38", "29", "63", "13", "97", "62", "22", "112", "104", "111", "45", "98", "43", "44", "44", "24", "19", "16", "13", "13", "14", "1", "0", "0"],
  ["Brian Mclaughlin", "118", "121", "111", "101", "19", "24", "17", "19", "38", "11", "63", "65", "112", "27", "102", "104", "39", "88", "21", "28", "18", "12", "12", "13", "17", "18", "10", "1", "0", "0"],
  ["John Macoretta", "117", "114", "113", "95", "13", "25", "10", "18", "32", "7", "53", "43", "104", "102", "16", "107", "23", "98", "9", "17", "9", "7", "7", "9", "6", "16", "8", "1", "0", "0"],
  ["Lawrence J Bozzelli", "113", "116", "111", "89", "20", "30", "13", "20", "39", "6", "55", "46", "111", "104", "107", "5", "31", "99", "10", "26", "16", "6", "7", "8", "14", "14", "10", "0", "1", "0"],
  ["Leon Goodman", "59", "49", "61", "45", "43", "44", "39", "42", "74", "34", "56", "61", "45", "39", "23", "31", "8", "31", "52", "44", "41", "25", "30", "34", "20", "23", "17", "0", "2", "2"],
  ["Henry Mc Sias", "122", "113", "100", "97", "20", "30", "20", "13", "31", "14", "45", "42", "98", "88", "98", "99", "31", "0", "12", "20", "19", "11", "7", "7", "10", "11", "4", "0", "1", "0"],
  ["Crystal B Powell", "53", "56", "57", "38", "35", "27", "58", "20", "74", "37", "74", "57", "43", "21", "9", "10", "52", "12", "4", "48", "41", "55", "31", "37", "23", "4", "16", "1", "1", "0"],
  ["Jennifer Schultz", "72", "74", "67", "47", "29", "35", "47", "24", "82", "12", "67", "59", "44", "28", "17", "26", "44", "20", "48", "1", "64", "31", "16", "14", "18", "18", "11", "0", "1", "1"],
  ["Wendi Barish", "67", "61", "49", "30", "32", "37", "39", "25", "73", "12", "55", "35", "44", "18", "9", "16", "41", "19", "41", "64", "2", "29", "19", "8", "13", "14", "10", "0", "1", "1"],
  ["Terri M Booker", "37", "42", "30", "21", "14", "12", "34", "15", "38", "13", "50", "21", "24", "12", "7", "6", "25", "11", "55", "31", "29", "4", "21", "12", "17", "4", "13", "2", "0", "0"],
  ["Mark J Moore", "25", "27", "17", "21", "14", "14", "26", "14", "27", "8", "27", "20", "19", "12", "7", "7", "30", "7", "31", "16", "19", "21", "9", "12", "13", "6", "15", "1", "0", "0"],
  ["Danyl S Patterson", "20", "19", "32", "24", "28", "16", "27", "15", "32", "27", "25", "31", "16", "13", "9", "8", "34", "7", "37", "14", "8", "12", "12", "2", "10", "6", "5", "1", "0", "0"],
  ["Jon Marshall", "19", "18", "11", "18", "14", "15", "17", "8", "21", "10", "23", "24", "13", "17", "6", "14", "20", "10", "23", "18", "13", "17", "13", "10", "0", "3", "8", "0", "0", "0"],
  ["Leonard Deutchman", "23", "20", "13", "14", "17", "24", "3", "18", "22", "4", "8", "17", "13", "18", "16", "14", "23", "11", "4", "18", "14", "4", "6", "6", "3", "0", "6", "0", "0", "1"],
  ["Bill Rice", "13", "17", "12", "10", "11", "5", "11", "8", "14", "7", "21", "14", "14", "10", "8", "10", "17", "4", "16", "11", "10", "13", "15", "5", "8", "6", "0", "0", "0", "0"],
  ["Christian Dicicco", "2", "2", "1", "2", "1", "1", "3", "1", "0", "0", "1", "1", "1", "1", "1", "0", "0", "0", "1", "0", "0", "2", "1", "1", "0", "0", "0", "0", "0", "0"],
  ["Dawn M Tancredi", "1", "1", "0", "0", "1", "1", "2", "1", "2", "1", "1", "1", "0", "0", "0", "1", "2", "1", "1", "1", "1", "0", "0", "0", "0", "0", "0", "0", "0", "1"],
  ["Matthew C Monroe", "0", "0", "0", "0", "1", "2", "0", "1", "2", "0", "0", "0", "0", "0", "0", "0", "2", "0", "0", "1", "1", "0", "0", "0", "0", "1", "0", "0", "1", "1"],
  ["Total", "603", "537", "524", "464", "326", "320", "314", "282", "259", "257", "255", "247", "247", "205", "181", "169", "168", "158", "145", "142", "122", "87", "75", "74", "56", "48", "42", "3", "3", "3"]
]
