[
  ["", "Stella Tsai", "Vikki Kristiansson", "Deborah Cianfrani", "Shanese Johnson", "Zac Shaffer", "Lucretia C Clemons", "Deborah Canty", "Leon Goodman", "Jennifer Schultz", "Rania Major", "Henry Mc Sias", "Mark B Cohen", "Crystal B Powell", "Wendi Barish", "Lawrence J Bozzelli", "John Macoretta", "Vincent Furlong", "Brian Mclaughlin", "Vincent Melchiorre", "Daniel R Sulman", "David Conroy", "Danyl S Patterson", "Terri M Booker", "Mark J Moore", "Leonard Deutchman", "Jon Marshall", "Bill Rice", "Christian Dicicco", "Dawn M Tancredi", "Betsy Wahl", "Matthew C Monroe"],
  ["Stella Tsai", "   86", "842", "728", "569", "475", "534", "542", "338", "553", "481", "541", "268", "306", "508", "389", "353", "364", "351", "239", "394", "217", "224", "136", "149", "126", "67", "28", "1", "4", "1", "0"],
  ["Vikki Kristiansson", "  842", "48", "522", "410", "474", "599", "560", "446", "492", "483", "496", "363", "290", "465", "382", "454", "374", "328", "158", "244", "267", "189", "122", "117", "163", "57", "19", "2", "2", "0", "0"],
  ["Deborah Cianfrani", "  728", "522", "43", "586", "302", "275", "331", "269", "354", "489", "321", "276", "369", "282", "308", "274", "307", "307", "230", "208", "172", "188", "184", "104", "68", "38", "36", "2", "1", "0", "0"],
  ["Shanese Johnson", "  569", "410", "586", "84", "375", "298", "352", "279", "300", "431", "168", "280", "424", "242", "185", "158", "216", "171", "266", "199", "170", "271", "171", "98", "54", "57", "38", "4", "1", "1", "0"],
  ["Zac Shaffer", "  475", "474", "302", "375", "33", "412", "331", "413", "236", "191", "241", "294", "348", "255", "154", "187", "131", "143", "387", "329", "330", "355", "72", "108", "126", "68", "21", "2", "3", "0", "0"],
  ["Lucretia C Clemons", "  534", "599", "275", "298", "412", "20", "462", "397", "431", "201", "323", "218", "358", "450", "151", "147", "137", "116", "154", "217", "212", "167", "160", "197", "90", "75", "33", "2", "0", "0", "0"],
  ["Deborah Canty", "  542", "560", "331", "352", "331", "462", "28", "349", "470", "271", "231", "275", "262", "471", "204", "169", "166", "151", "114", "202", "170", "181", "162", "156", "168", "84", "39", "0", "3", "0", "1"],
  ["Leon Goodman", "  338", "446", "269", "279", "413", "397", "349", "40", "281", "205", "211", "317", "288", "256", "173", "233", "163", "153", "183", "186", "248", "166", "149", "205", "150", "72", "49", "1", "2", "1", "0"],
  ["Jennifer Schultz", "  553", "492", "354", "300", "236", "431", "470", "281", "18", "246", "280", "184", "232", "489", "158", "143", "144", "144", "100", "201", "81", "64", "168", "166", "116", "68", "32", "2", "3", "0", "0"],
  ["Rania Major", "  481", "483", "489", "431", "191", "201", "271", "205", "246", "30", "273", "256", "194", "208", "303", "249", "312", "288", "118", "105", "75", "104", "134", "83", "48", "48", "37", "1", "2", "1", "0"],
  ["Henry Mc Sias", "  541", "496", "321", "168", "241", "323", "231", "211", "280", "273", "42", "182", "92", "257", "295", "301", "282", "266", "72", "211", "52", "70", "85", "110", "69", "36", "14", "0", "0", "0", "0"],
  ["Mark B Cohen", "  268", "363", "276", "280", "294", "218", "275", "317", "184", "256", "182", "66", "193", "124", "180", "234", "199", "204", "142", "123", "157", "149", "103", "75", "106", "57", "49", "1", "1", "0", "0"],
  ["Crystal B Powell", "  306", "290", "369", "424", "348", "358", "262", "288", "232", "194", "92", "193", "23", "200", "51", "73", "73", "55", "249", "144", "236", "261", "183", "109", "26", "47", "46", "2", "1", "0", "0"],
  ["Wendi Barish", "  508", "465", "282", "242", "255", "450", "471", "256", "489", "208", "257", "124", "200", "9", "148", "98", "112", "103", "85", "201", "82", "80", "141", "137", "93", "59", "22", "2", "2", "0", "0"],
  ["Lawrence J Bozzelli", "  389", "382", "308", "185", "154", "151", "204", "173", "158", "303", "295", "180", "51", "148", "52", "298", "292", "295", "79", "89", "86", "44", "53", "84", "95", "48", "24", "1", "1", "0", "0"],
  ["John Macoretta", "  353", "454", "274", "158", "187", "147", "169", "233", "143", "249", "301", "234", "73", "98", "298", "27", "276", "255", "103", "104", "129", "59", "41", "63", "107", "36", "20", "0", "1", "1", "0"],
  ["Vincent Furlong", "  364", "374", "307", "216", "131", "137", "166", "163", "144", "312", "282", "199", "73", "112", "292", "276", "29", "307", "94", "90", "91", "80", "59", "56", "68", "46", "16", "2", "2", "1", "0"],
  ["Brian Mclaughlin", "  351", "328", "307", "171", "143", "116", "151", "153", "144", "288", "266", "204", "55", "103", "295", "255", "307", "41", "96", "87", "84", "56", "36", "65", "69", "50", "32", "2", "1", "1", "0"],
  ["Vincent Melchiorre", "  239", "158", "230", "266", "387", "154", "114", "183", "100", "118", "72", "142", "249", "85", "79", "103", "94", "96", "25", "173", "200", "216", "56", "38", "54", "31", "16", "3", "2", "0", "0"],
  ["Daniel R Sulman", "  394", "244", "208", "199", "329", "217", "202", "186", "201", "105", "211", "123", "144", "201", "89", "104", "90", "87", "173", "6", "169", "162", "42", "51", "80", "44", "26", "0", "1", "0", "0"],
  ["David Conroy", "  217", "267", "172", "170", "330", "212", "170", "248", "81", "75", "52", "157", "236", "82", "86", "129", "91", "84", "200", "169", "24", "226", "41", "60", "91", "37", "17", "1", "0", "0", "0"],
  ["Danyl S Patterson", "  224", "189", "188", "271", "355", "167", "181", "166", "64", "104", "70", "149", "261", "80", "44", "59", "80", "56", "216", "162", "226", "11", "60", "57", "52", "45", "32", "2", "0", "0", "0"],
  ["Terri M Booker", "  136", "122", "184", "171", "72", "160", "162", "149", "168", "134", "85", "103", "183", "141", "53", "41", "59", "36", "56", "42", "41", "60", "7", "88", "26", "46", "39", "1", "1", "0", "0"],
  ["Mark J Moore", "  149", "117", "104", "98", "108", "197", "156", "205", "166", "83", "110", "75", "109", "137", "84", "63", "56", "65", "38", "51", "60", "57", "88", "10", "45", "63", "28", "0", "0", "0", "0"],
  ["Leonard Deutchman", "  126", "163", "68", "54", "126", "90", "168", "150", "116", "48", "69", "106", "26", "93", "95", "107", "68", "69", "54", "80", "91", "52", "26", "45", "1", "26", "13", "1", "1", "1", "0"],
  ["Jon Marshall", "   67", "57", "38", "57", "68", "75", "84", "72", "68", "48", "36", "57", "47", "59", "48", "36", "46", "50", "31", "44", "37", "45", "46", "63", "26", "6", "27", "0", "0", "0", "0"],
  ["Bill Rice", "   28", "19", "36", "38", "21", "33", "39", "49", "32", "37", "14", "49", "46", "22", "24", "20", "16", "32", "16", "26", "17", "32", "39", "28", "13", "27", "0", "0", "0", "0", "0"],
  ["Christian Dicicco", "    1", "2", "2", "4", "2", "2", "0", "1", "2", "1", "0", "1", "2", "2", "1", "0", "2", "2", "3", "0", "1", "2", "1", "0", "1", "0", "0", "0", "0", "0", "0"],
  ["Dawn M Tancredi", "    4", "2", "1", "1", "3", "0", "3", "2", "3", "2", "0", "1", "1", "2", "1", "1", "2", "1", "2", "1", "0", "0", "1", "0", "1", "0", "0", "0", "0", "0", "0"],
  ["Betsy Wahl", "    1", "0", "0", "1", "0", "0", "0", "1", "0", "1", "0", "0", "0", "0", "0", "1", "1", "1", "0", "0", "0", "0", "0", "0", "1", "0", "0", "0", "0", "0", "0"],
  ["Matthew C Monroe", "    0", "0", "0", "0", "0", "0", "1", "0", "0", "0", "0", "0", "0", "0", "0", "0", "0", "0", "0", "0", "0", "0", "0", "0", "0", "0", "0", "0", "0", "0", "0"],
  ["Total", "1,475", "1,374", "1,123", "1,122", "1,044", "994", "992", "946", "861", "835", "797", "797", "766", "761", "693", "644", "644", "623", "585", "574", "541", "532", "371", "367", "290", "190", "104", "5", "5", "1", "1"]
]
