[
  ["", "Stella Tsai", "Vikki Kristiansson", "Jennifer Schultz", "Wendi Barish", "Lucretia C Clemons", "Henry Mc Sias", "Deborah Canty", "Deborah Cianfrani", "Vincent Furlong", "Zac Shaffer", "Leon Goodman", "Rania Major", "Daniel R Sulman", "Shanese Johnson", "John Macoretta", "Lawrence J Bozzelli", "Brian Mclaughlin", "Mark B Cohen", "Vincent Melchiorre", "David Conroy", "Crystal B Powell", "Leonard Deutchman", "Mark J Moore", "Terri M Booker", "Danyl S Patterson", "Jon Marshall", "Bill Rice", "Christian Dicicco", "Dawn M Tancredi", "Matthew C Monroe"],
  ["Stella Tsai", "   42", "785", "581", "547", "517", "491", "499", "444", "331", "361", "270", "334", "344", "314", "238", "250", "225", "167", "189", "158", "160", "126", "116", "103", "137", "65", "25", "0", "0", "0"],
  ["Vikki Kristiansson", "  785", "28", "533", "518", "529", "509", "464", "347", "261", "272", "307", "299", "261", "225", "284", "241", "192", "159", "82", "86", "127", "121", "104", "88", "60", "54", "17", "0", "0", "1"],
  ["Jennifer Schultz", "  581", "533", "11", "520", "440", "309", "462", "294", "134", "198", "218", "214", "167", "202", "114", "129", "116", "114", "90", "61", "151", "114", "129", "130", "51", "72", "22", "0", "0", "0"],
  ["Wendi Barish", "  547", "518", "520", "14", "427", "294", "451", "260", "112", "211", "220", "194", "184", "178", "110", "138", "88", "91", "73", "77", "133", "95", "108", "102", "41", "65", "14", "1", "1", "0"],
  ["Lucretia C Clemons", "  517", "529", "440", "427", "9", "374", "350", "166", "95", "238", "285", "98", "203", "112", "136", "114", "72", "85", "83", "108", "134", "91", "132", "94", "66", "71", "18", "0", "0", "1"],
  ["Henry Mc Sias", "  491", "509", "309", "294", "374", "32", "220", "177", "194", "216", "245", "137", "211", "79", "221", "175", "156", "135", "66", "38", "52", "76", "90", "44", "49", "30", "10", "0", "0", "1"],
  ["Deborah Canty", "  499", "464", "462", "451", "350", "220", "13", "259", "135", "142", "174", "210", "129", "179", "109", "139", "104", "101", "77", "77", "127", "99", "96", "105", "39", "62", "19", "1", "1", "0"],
  ["Deborah Cianfrani", "  444", "347", "294", "260", "166", "177", "259", "23", "233", "129", "79", "286", "116", "269", "132", "136", "140", "121", "141", "85", "170", "38", "45", "118", "94", "25", "14", "1", "1", "0"],
  ["Vincent Furlong", "  331", "261", "134", "112", "95", "194", "135", "233", "36", "186", "100", "157", "135", "125", "177", "174", "191", "128", "169", "118", "56", "80", "32", "37", "85", "33", "26", "0", "0", "0"],
  ["Zac Shaffer", "  361", "272", "198", "211", "238", "216", "142", "129", "186", "12", "143", "66", "229", "100", "72", "72", "68", "90", "190", "131", "55", "78", "51", "29", "114", "33", "14", "0", "0", "0"],
  ["Leon Goodman", "  270", "307", "218", "220", "285", "245", "174", "79", "100", "143", "3", "51", "149", "45", "143", "109", "81", "73", "47", "70", "51", "82", "91", "46", "25", "30", "14", "1", "1", "1"],
  ["Rania Major", "  334", "299", "214", "194", "98", "137", "210", "286", "157", "66", "51", "16", "45", "193", "116", "124", "121", "98", "53", "18", "100", "50", "25", "69", "27", "13", "12", "1", "1", "0"],
  ["Daniel R Sulman", "  344", "261", "167", "184", "203", "211", "129", "116", "135", "229", "149", "45", "6", "84", "89", "84", "89", "83", "107", "106", "28", "66", "37", "16", "91", "33", "11", "0", "0", "0"],
  ["Shanese Johnson", "  314", "225", "202", "178", "112", "79", "179", "269", "125", "100", "45", "193", "84", "14", "53", "56", "48", "70", "96", "63", "116", "21", "16", "66", "72", "10", "9", "1", "1", "0"],
  ["John Macoretta", "  238", "284", "114", "110", "136", "221", "109", "132", "177", "72", "143", "116", "89", "53", "11", "160", "157", "77", "51", "39", "24", "47", "35", "19", "18", "28", "17", "0", "0", "1"],
  ["Lawrence J Bozzelli", "  250", "241", "129", "138", "114", "175", "139", "136", "174", "72", "109", "124", "84", "56", "160", "3", "170", "83", "52", "59", "18", "78", "39", "22", "21", "43", "14", "0", "0", "0"],
  ["Brian Mclaughlin", "  225", "192", "116", "88", "72", "156", "104", "140", "191", "68", "81", "121", "89", "48", "157", "170", "21", "103", "71", "50", "22", "56", "44", "23", "24", "36", "19", "0", "0", "0"],
  ["Mark B Cohen", "  167", "159", "114", "91", "85", "135", "101", "121", "128", "90", "73", "98", "83", "70", "77", "83", "103", "25", "62", "35", "44", "42", "29", "39", "39", "19", "26", "0", "0", "0"],
  ["Vincent Melchiorre", "  189", "82", "90", "73", "83", "66", "77", "141", "169", "190", "47", "53", "107", "96", "51", "52", "71", "62", "3", "92", "56", "36", "37", "39", "96", "23", "18", "0", "0", "0"],
  ["David Conroy", "  158", "86", "61", "77", "108", "38", "77", "85", "118", "131", "70", "18", "106", "63", "39", "59", "50", "35", "92", "10", "37", "51", "39", "17", "77", "41", "13", "0", "0", "0"],
  ["Crystal B Powell", "  160", "127", "151", "133", "134", "52", "127", "170", "56", "55", "51", "100", "28", "116", "24", "18", "22", "44", "56", "37", "0", "10", "45", "100", "59", "16", "17", "0", "0", "0"],
  ["Leonard Deutchman", "  126", "121", "114", "95", "91", "76", "99", "38", "80", "78", "82", "50", "66", "21", "47", "78", "56", "42", "36", "51", "10", "2", "36", "13", "17", "29", "13", "0", "0", "0"],
  ["Mark J Moore", "  116", "104", "129", "108", "132", "90", "96", "45", "32", "51", "91", "25", "37", "16", "35", "39", "44", "29", "37", "39", "45", "36", "0", "45", "29", "40", "10", "0", "0", "0"],
  ["Terri M Booker", "  103", "88", "130", "102", "94", "44", "105", "118", "37", "29", "46", "69", "16", "66", "19", "22", "23", "39", "39", "17", "100", "13", "45", "1", "25", "21", "18", "0", "0", "0"],
  ["Danyl S Patterson", "  137", "60", "51", "41", "66", "49", "39", "94", "85", "114", "25", "27", "91", "72", "18", "21", "24", "39", "96", "77", "59", "17", "29", "25", "2", "19", "15", "0", "0", "0"],
  ["Jon Marshall", "   65", "54", "72", "65", "71", "30", "62", "25", "33", "33", "30", "13", "33", "10", "28", "43", "36", "19", "23", "41", "16", "29", "40", "21", "19", "1", "11", "0", "0", "0"],
  ["Bill Rice", "   25", "17", "22", "14", "18", "10", "19", "14", "26", "14", "14", "12", "11", "9", "17", "14", "19", "26", "18", "13", "17", "13", "10", "18", "15", "11", "1", "0", "0", "0"],
  ["Christian Dicicco", "    0", "0", "0", "1", "0", "0", "1", "1", "0", "0", "1", "1", "0", "1", "0", "0", "0", "0", "0", "0", "0", "0", "0", "0", "0", "0", "0", "0", "1", "0"],
  ["Dawn M Tancredi", "    0", "0", "0", "1", "0", "0", "1", "1", "0", "0", "1", "1", "0", "1", "0", "0", "0", "0", "0", "0", "0", "0", "0", "0", "0", "0", "0", "1", "0", "0"],
  ["Matthew C Monroe", "    0", "1", "0", "0", "1", "1", "0", "0", "0", "0", "1", "0", "0", "0", "1", "0", "0", "0", "0", "0", "0", "0", "0", "0", "0", "0", "0", "0", "0", "0"],
  ["Total", "1,142", "1,022", "786", "734", "732", "707", "670", "624", "572", "537", "440", "437", "432", "388", "385", "371", "370", "348", "326", "260", "256", "211", "199", "192", "190", "122", "57", "1", "1", "1"]
]
