[
  ["", "Vikki Kristiansson", "Stella Tsai", "Lucretia C Clemons", "Henry Mc Sias", "Zac Shaffer", "Leon Goodman", "Daniel R Sulman", "Wendi Barish", "Jennifer Schultz", "Deborah Canty", "Mark B Cohen", "Deborah Cianfrani", "John Macoretta", "David Conroy", "Lawrence J Bozzelli", "Rania Major", "Brian Mclaughlin", "Vincent Furlong", "Vincent Melchiorre", "Shanese Johnson", "Leonard Deutchman", "Crystal B Powell", "Terri M Booker", "Mark J Moore", "Jon Marshall", "Danyl S Patterson", "Bill Rice", "Christian Dicicco", "Dawn M Tancredi", "Matthew C Monroe", "Write In"],
  ["Vikki Kristiansson", "  117", "2,573", "2,123", "1,692", "1,535", "1,377", "1,156", "1,082", "1,065", "906", "592", "707", "892", "651", "566", "620", "475", "486", "453", "411", "297", "228", "196", "166", "127", "99", "37", "1", "1", "0", "0"],
  ["Stella Tsai", "2,573", "130", "1,927", "1,461", "1,574", "1,088", "1,254", "1,098", "1,093", "890", "583", "826", "621", "702", "585", "606", "477", "498", "544", "530", "294", "260", "207", "193", "141", "166", "52", "3", "1", "1", "1"],
  ["Lucretia C Clemons", "2,123", "1,927", "18", "1,332", "1,382", "1,178", "970", "784", "736", "625", "294", "317", "535", "683", "277", "211", "164", "187", "458", "304", "193", "241", "155", "205", "128", "179", "47", "3", "1", "0", "1"],
  ["Henry Mc Sias", "1,692", "1,461", "1,332", "37", "954", "1,085", "884", "477", "480", "319", "317", "289", "693", "478", "393", "269", "316", "327", "377", "172", "159", "59", "50", "119", "53", "78", "18", "0", "0", "0", "0"],
  ["Zac Shaffer", "1,535", "1,574", "1,382", "954", "12", "917", "1,015", "511", "476", "314", "412", "247", "265", "613", "224", "134", "192", "169", "515", "181", "166", "75", "47", "110", "93", "144", "38", "1", "2", "1", "1"],
  ["Leon Goodman", "1,377", "1,088", "1,178", "1,085", "917", "12", "830", "479", "424", "348", "407", "182", "577", "562", "282", "157", "221", "243", "387", "118", "231", "79", "67", "150", "110", "46", "46", "1", "0", "1", "0"],
  ["Daniel R Sulman", "1,156", "1,254", "970", "884", "1,015", "830", "24", "493", "474", "305", "350", "263", "261", "590", "249", "151", "209", "218", "469", "186", "171", "79", "62", "75", "80", "134", "41", "1", "2", "3", "1"],
  ["Wendi Barish", "1,082", "1,098", "784", "477", "511", "479", "493", "26", "925", "787", "337", "465", "237", "215", "325", "352", "238", "221", "112", "290", "264", "210", "176", "158", "109", "53", "32", "1", "1", "0", "0"],
  ["Jennifer Schultz", "1,065", "1,093", "736", "480", "476", "424", "474", "925", "10", "803", "381", "486", "226", "182", "278", "412", "232", "199", "89", "314", "250", "244", "203", "175", "122", "49", "43", "2", "2", "1", "1"],
  ["Deborah Canty", "  906", "890", "625", "319", "314", "348", "305", "787", "803", "11", "264", "423", "187", "204", "282", "369", "207", "206", "67", "300", "225", "225", "175", "139", "115", "55", "36", "4", "3", "1", "1"],
  ["Mark B Cohen", "  592", "583", "294", "317", "412", "407", "350", "337", "381", "264", "74", "335", "222", "90", "237", "305", "257", "240", "118", "205", "156", "102", "97", "40", "47", "78", "51", "1", "1", "2", "1"],
  ["Deborah Cianfrani", "  707", "826", "317", "289", "247", "182", "263", "465", "486", "423", "335", "24", "289", "114", "300", "532", "296", "280", "181", "434", "77", "211", "170", "51", "45", "100", "30", "3", "1", "2", "0"],
  ["John Macoretta", "  892", "621", "535", "693", "265", "577", "261", "237", "226", "187", "222", "289", "17", "125", "377", "248", "333", "327", "91", "115", "143", "30", "36", "64", "51", "16", "22", "0", "0", "0", "0"],
  ["David Conroy", "  651", "702", "683", "478", "613", "562", "590", "215", "182", "204", "90", "114", "125", "4", "146", "44", "113", "108", "386", "89", "135", "52", "36", "86", "83", "101", "35", "1", "1", "1", "0"],
  ["Lawrence J Bozzelli", "  566", "585", "277", "393", "224", "282", "249", "325", "278", "282", "237", "300", "377", "146", "29", "291", "349", "335", "72", "127", "215", "35", "34", "75", "76", "28", "19", "0", "0", "0", "0"],
  ["Rania Major", "  620", "606", "211", "269", "134", "157", "151", "352", "412", "369", "305", "532", "248", "44", "291", "12", "245", "259", "67", "337", "90", "168", "130", "29", "26", "37", "30", "1", "1", "1", "1"],
  ["Brian Mclaughlin", "  475", "477", "164", "316", "192", "221", "209", "238", "232", "207", "257", "296", "333", "113", "349", "245", "26", "385", "79", "130", "128", "43", "62", "69", "85", "29", "39", "1", "0", "2", "0"],
  ["Vincent Furlong", "  486", "498", "187", "327", "169", "243", "218", "221", "199", "206", "240", "280", "327", "108", "335", "259", "385", "21", "94", "151", "129", "38", "54", "63", "61", "15", "29", "1", "0", "0", "0"],
  ["Vincent Melchiorre", "  453", "544", "458", "377", "515", "387", "469", "112", "89", "67", "118", "181", "91", "386", "72", "67", "79", "94", "12", "138", "54", "47", "35", "28", "28", "89", "25", "0", "1", "0", "0"],
  ["Shanese Johnson", "  411", "530", "304", "172", "181", "118", "186", "290", "314", "300", "205", "434", "115", "89", "127", "337", "130", "151", "138", "12", "33", "175", "120", "35", "27", "116", "27", "2", "2", "1", "0"],
  ["Leonard Deutchman", "  297", "294", "193", "159", "166", "231", "171", "264", "250", "225", "156", "77", "143", "135", "215", "90", "128", "129", "54", "33", "4", "23", "29", "74", "67", "19", "20", "0", "1", "0", "0"],
  ["Crystal B Powell", "  228", "260", "241", "59", "75", "79", "79", "210", "244", "225", "102", "211", "30", "52", "35", "168", "43", "38", "47", "175", "23", "1", "145", "48", "25", "67", "30", "3", "1", "1", "0"],
  ["Terri M Booker", "  196", "207", "155", "50", "47", "67", "62", "176", "203", "175", "97", "170", "36", "36", "34", "130", "62", "54", "35", "120", "29", "145", "3", "41", "34", "40", "39", "1", "0", "0", "0"],
  ["Mark J Moore", "  166", "193", "205", "119", "110", "150", "75", "158", "175", "139", "40", "51", "64", "86", "75", "29", "69", "63", "28", "35", "74", "48", "41", "1", "90", "30", "30", "0", "0", "0", "0"],
  ["Jon Marshall", "  127", "141", "128", "53", "93", "110", "80", "109", "122", "115", "47", "45", "51", "83", "76", "26", "85", "61", "28", "27", "67", "25", "34", "90", "4", "25", "28", "1", "0", "0", "0"],
  ["Danyl S Patterson", "   99", "166", "179", "78", "144", "46", "134", "53", "49", "55", "78", "100", "16", "101", "28", "37", "29", "15", "89", "116", "19", "67", "40", "30", "25", "3", "18", "1", "1", "1", "0"],
  ["Bill Rice", "   37", "52", "47", "18", "38", "46", "41", "32", "43", "36", "51", "30", "22", "35", "19", "30", "39", "29", "25", "27", "20", "30", "39", "30", "28", "18", "0", "1", "0", "0", "0"],
  ["Christian Dicicco", "    1", "3", "3", "0", "1", "1", "1", "1", "2", "4", "1", "3", "0", "1", "0", "1", "1", "1", "0", "2", "0", "3", "1", "0", "1", "1", "1", "0", "0", "0", "0"],
  ["Dawn M Tancredi", "    1", "1", "1", "0", "2", "0", "2", "1", "2", "3", "1", "1", "0", "1", "0", "1", "0", "0", "1", "2", "1", "1", "0", "0", "0", "1", "0", "0", "0", "1", "0"],
  ["Matthew C Monroe", "    0", "1", "0", "0", "1", "1", "3", "0", "1", "1", "2", "2", "0", "1", "0", "1", "2", "0", "0", "1", "0", "1", "0", "0", "0", "1", "0", "0", "1", "0", "0"],
  ["Write In", "    0", "1", "1", "0", "1", "0", "1", "0", "1", "1", "1", "0", "0", "0", "0", "1", "0", "0", "0", "0", "0", "0", "0", "0", "0", "0", "0", "0", "0", "0", "0"],
  ["Total", "3,503", "3,343", "2,572", "2,012", "1,991", "1,784", "1,614", "1,518", "1,495", "1,219", "1,158", "1,114", "1,091", "901", "899", "860", "809", "805", "725", "719", "511", "397", "337", "320", "259", "248", "122", "5", "3", "3", "1"]
]
