[
  ["", "Stella Tsai", "Shanese Johnson", "Vikki Kristiansson", "Deborah Cianfrani", "Deborah Canty", "Lucretia C Clemons", "Mark B Cohen", "Crystal B Powell", "Zac Shaffer", "Leon Goodman", "Rania Major", "Danyl S Patterson", "Jennifer Schultz", "John Macoretta", "Daniel R Sulman", "Vincent Furlong", "Wendi Barish", "Henry Mc Sias", "David Conroy", "Brian Mclaughlin", "Vincent Melchiorre", "Lawrence J Bozzelli", "Terri M Booker", "Leonard Deutchman", "Mark J Moore", "Jon Marshall", "Bill Rice", "Dawn M Tancredi", "Betsy Wahl", "Christian Dicicco", "Write In"],
  ["Stella Tsai", "68", "445", "397", "471", "287", "314", "192", "248", "271", "172", "295", "193", "243", "198", "292", "221", "230", "256", "173", "168", "188", "185", "120", "60", "63", "38", "31", "2", "1", "0", "0"],
  ["Shanese Johnson", "445", "68", "244", "451", "309", "248", "233", "347", "235", "162", "286", "254", "176", "140", "235", "175", "144", "96", "160", "127", "188", "103", "150", "26", "72", "38", "48", "4", "0", "1", "0"],
  ["Vikki Kristiansson", "397", "244", "30", "283", "332", "267", "273", "152", "232", "231", "256", "155", "211", "290", "104", "209", "198", "239", "158", "151", "32", "174", "69", "140", "41", "21", "11", "4", "0", "1", "1"],
  ["Deborah Cianfrani", "471", "451", "283", "17", "224", "194", "183", "286", "208", "133", "274", "182", "190", "181", "202", "193", "161", "177", "150", "159", "172", "162", "152", "31", "63", "31", "26", "1", "0", "0", "0"],
  ["Deborah Canty", "287", "309", "332", "224", "27", "267", "271", "237", "216", "284", "198", "191", "250", "156", "125", "147", "206", "74", "165", "96", "65", "83", "125", "143", "91", "51", "38", "6", "2", "2", "0"],
  ["Lucretia C Clemons", "314", "248", "267", "194", "267", "28", "151", "242", "181", "208", "129", "147", "222", "53", "129", "81", "231", "158", "99", "48", "90", "48", "137", "48", "120", "38", "30", "1", "1", "1", "1"],
  ["Mark B Cohen", "192", "233", "273", "183", "271", "151", "39", "159", "185", "235", "174", "170", "114", "191", "89", "166", "82", "95", "121", "127", "64", "94", "93", "101", "46", "41", "39", "2", "0", "2", "0"],
  ["Crystal B Powell", "248", "347", "152", "286", "237", "242", "159", "20", "214", "174", "124", "238", "158", "45", "157", "80", "125", "54", "160", "42", "140", "23", "165", "20", "93", "40", "32", "1", "1", "1", "0"],
  ["Zac Shaffer", "271", "235", "232", "208", "216", "181", "185", "214", "8", "215", "55", "275", "102", "133", "233", "76", "107", "95", "251", "54", "196", "53", "55", "105", "34", "29", "20", "4", "0", "0", "0"],
  ["Leon Goodman", "172", "162", "231", "133", "284", "208", "235", "174", "215", "13", "105", "173", "134", "145", "106", "116", "140", "94", "177", "82", "65", "62", "93", "124", "103", "37", "31", "1", "1", "2", "1"],
  ["Rania Major", "295", "286", "256", "274", "198", "129", "174", "124", "55", "105", "24", "50", "142", "156", "58", "199", "119", "141", "18", "145", "34", "159", "91", "34", "33", "24", "25", "2", "0", "0", "0"],
  ["Danyl S Patterson", "193", "254", "155", "182", "191", "147", "170", "238", "275", "173", "50", "15", "45", "96", "174", "54", "55", "30", "239", "32", "156", "18", "62", "64", "30", "28", "19", "0", "0", "1", "0"],
  ["Jennifer Schultz", "243", "176", "211", "190", "250", "222", "114", "158", "102", "134", "142", "45", "11", "66", "97", "76", "236", "133", "40", "70", "48", "65", "119", "62", "84", "27", "24", "5", "1", "0", "0"],
  ["John Macoretta", "198", "140", "290", "181", "156", "53", "191", "45", "133", "145", "156", "96", "66", "12", "64", "165", "63", "151", "99", "141", "29", "153", "27", "102", "19", "17", "12", "3", "0", "0", "1"],
  ["Daniel R Sulman", "292", "235", "104", "202", "125", "129", "89", "157", "233", "106", "58", "174", "97", "64", "7", "65", "100", "81", "153", "57", "191", "47", "46", "49", "33", "25", "14", "1", "2", "1", "0"],
  ["Vincent Furlong", "221", "175", "209", "193", "147", "81", "166", "80", "76", "116", "199", "54", "76", "165", "65", "8", "56", "136", "53", "154", "47", "152", "59", "34", "27", "29", "24", "3", "0", "0", "1"],
  ["Wendi Barish", "230", "144", "198", "161", "206", "231", "82", "125", "107", "140", "119", "55", "236", "63", "100", "56", "1", "121", "57", "56", "55", "56", "92", "52", "75", "22", "17", "5", "0", "0", "0"],
  ["Henry Mc Sias", "256", "96", "239", "177", "74", "158", "95", "54", "95", "94", "141", "30", "133", "151", "81", "136", "121", "15", "20", "113", "29", "135", "47", "34", "56", "11", "9", "3", "0", "0", "0"],
  ["David Conroy", "173", "160", "158", "150", "165", "99", "121", "160", "251", "177", "18", "239", "40", "99", "153", "53", "57", "20", "0", "28", "132", "31", "39", "91", "27", "21", "17", "2", "0", "1", "1"],
  ["Brian Mclaughlin", "168", "127", "151", "159", "96", "48", "127", "42", "54", "82", "145", "32", "70", "141", "57", "154", "56", "113", "28", "13", "36", "144", "40", "34", "25", "27", "23", "2", "0", "0", "0"],
  ["Vincent Melchiorre", "188", "188", "32", "172", "65", "90", "64", "140", "196", "65", "34", "156", "48", "29", "191", "47", "55", "29", "132", "36", "3", "33", "30", "22", "18", "19", "18", "1", "0", "0", "0"],
  ["Lawrence J Bozzelli", "185", "103", "174", "162", "83", "48", "94", "23", "53", "62", "159", "18", "65", "153", "47", "152", "56", "135", "31", "144", "33", "9", "23", "41", "17", "14", "6", "2", "0", "0", "1"],
  ["Terri M Booker", "120", "150", "69", "152", "125", "137", "93", "165", "55", "93", "91", "62", "119", "27", "46", "59", "92", "47", "39", "40", "30", "23", "8", "14", "78", "32", "32", "2", "1", "1", "0"],
  ["Leonard Deutchman", "60", "26", "140", "31", "143", "48", "101", "20", "105", "124", "34", "64", "62", "102", "49", "34", "52", "34", "91", "34", "22", "41", "14", "0", "19", "17", "2", "1", "0", "0", "0"],
  ["Mark J Moore", "63", "72", "41", "63", "91", "120", "46", "93", "34", "103", "33", "30", "84", "19", "33", "27", "75", "56", "27", "25", "18", "17", "78", "19", "5", "28", "22", "1", "1", "1", "0"],
  ["Jon Marshall", "38", "38", "21", "31", "51", "38", "41", "40", "29", "37", "24", "28", "27", "17", "25", "29", "22", "11", "21", "27", "19", "14", "32", "17", "28", "1", "18", "0", "1", "1", "0"],
  ["Bill Rice", "31", "48", "11", "26", "38", "30", "39", "32", "20", "31", "25", "19", "24", "12", "14", "24", "17", "9", "17", "23", "18", "6", "32", "2", "22", "18", "1", "1", "0", "0", "0"],
  ["Dawn M Tancredi", "2", "4", "4", "1", "6", "1", "2", "1", "4", "1", "2", "0", "5", "3", "1", "3", "5", "3", "2", "2", "1", "2", "2", "1", "1", "0", "1", "0", "0", "0", "0"],
  ["Betsy Wahl", "1", "0", "0", "0", "2", "1", "0", "1", "0", "1", "0", "0", "1", "0", "2", "0", "0", "0", "0", "0", "0", "0", "1", "0", "1", "1", "0", "0", "0", "0", "0"],
  ["Christian Dicicco", "0", "1", "1", "0", "2", "1", "2", "1", "0", "2", "0", "1", "0", "0", "1", "0", "0", "0", "1", "0", "0", "0", "1", "0", "1", "1", "0", "0", "0", "0", "0"],
  ["Write In", "0", "0", "1", "0", "0", "1", "0", "0", "0", "1", "0", "0", "0", "1", "0", "1", "0", "0", "1", "0", "0", "1", "0", "0", "0", "0", "0", "0", "0", "0", "0"],
  ["Total", "914", "852", "734", "727", "688", "615", "580", "566", "550", "516", "492", "464", "441", "419", "418", "403", "390", "388", "366", "317", "300", "296", "295", "200", "191", "97", "83", "9", "3", "3", "1"]
]
