[
  ["", "Rania Major", "Vikki Kristiansson", "Stella Tsai", "Vincent Furlong", "Deborah Cianfrani", "Shanese Johnson", "Mark B Cohen", "Lucretia C Clemons", "Deborah Canty", "Zac Shaffer", "John Macoretta", "Crystal B Powell", "Brian Mclaughlin", "Lawrence J Bozzelli", "Henry Mc Sias", "Daniel R Sulman", "Leon Goodman", "Vincent Melchiorre", "Jennifer Schultz", "Wendi Barish", "Danyl S Patterson", "Terri M Booker", "David Conroy", "Leonard Deutchman", "Mark J Moore", "Jon Marshall", "Bill Rice", "Christian Dicicco", "Matthew C Monroe", "Dawn M Tancredi", "Betsy Wahl"],
  ["Rania Major", "23", "187", "170", "158", "176", "133", "117", "82", "86", "75", "133", "78", "110", "130", "123", "57", "37", "35", "50", "61", "43", "39", "29", "28", "21", "25", "13", "0", "0", "1", "0"],
  ["Vikki Kristiansson", "187", "16", "154", "190", "131", "117", "93", "81", "69", "97", "112", "81", "91", "115", "112", "77", "42", "53", "47", "53", "55", "46", "52", "28", "18", "12", "6", "1", "0", "1", "0"],
  ["Stella Tsai", "170", "154", "51", "126", "152", "95", "69", "57", "71", "53", "118", "43", "99", "106", "121", "33", "35", "36", "50", "45", "28", "28", "14", "33", "18", "14", "11", "2", "1", "0", "0"],
  ["Vincent Furlong", "158", "190", "126", "13", "126", "84", "75", "44", "46", "69", "118", "42", "92", "113", "114", "71", "34", "48", "38", "19", "27", "24", "46", "23", "9", "16", "12", "1", "0", "0", "0"],
  ["Deborah Cianfrani", "176", "131", "152", "126", "23", "101", "90", "52", "78", "32", "138", "39", "104", "110", "108", "35", "33", "32", "57", "46", "17", "29", "18", "17", "22", "18", "12", "3", "0", "0", "1"],
  ["Shanese Johnson", "133", "117", "95", "84", "101", "28", "105", "106", "89", "59", "58", "112", "53", "55", "54", "46", "59", "33", "46", "63", "58", "68", "14", "15", "27", "23", "12", "2", "0", "1", "0"],
  ["Mark B Cohen", "117", "93", "69", "75", "90", "105", "42", "67", "83", "54", "64", "72", "49", "38", "38", "46", "54", "24", "42", "43", "47", "24", "27", "19", "19", "15", "17", "1", "0", "1", "0"],
  ["Lucretia C Clemons", "82", "81", "57", "44", "52", "106", "67", "13", "54", "80", "10", "108", "21", "23", "17", "58", "39", "59", "42", "57", "50", "55", "43", "12", "26", "16", "10", "0", "0", "1", "0"],
  ["Deborah Canty", "86", "69", "71", "46", "78", "89", "83", "54", "13", "54", "42", "78", "35", "20", "22", "51", "59", "34", "66", "53", "52", "48", "26", "27", "25", "20", "22", "3", "1", "1", "0"],
  ["Zac Shaffer", "75", "97", "53", "69", "32", "59", "54", "80", "54", "7", "19", "64", "17", "18", "21", "88", "50", "91", "32", "46", "44", "27", "64", "32", "10", "16", "7", "0", "1", "1", "1"],
  ["John Macoretta", "133", "112", "118", "118", "138", "58", "64", "10", "42", "19", "9", "13", "95", "102", "108", "29", "21", "16", "27", "14", "7", "10", "12", "17", "8", "9", "6", "0", "0", "0", "0"],
  ["Crystal B Powell", "78", "81", "43", "42", "39", "112", "72", "108", "78", "64", "13", "3", "24", "16", "12", "35", "53", "23", "37", "50", "60", "70", "27", "12", "25", "19", "13", "2", "0", "1", "0"],
  ["Brian Mclaughlin", "110", "91", "99", "92", "104", "53", "49", "21", "35", "17", "95", "24", "13", "93", "86", "23", "31", "18", "25", "19", "10", "13", "15", "18", "10", "9", "6", "1", "0", "0", "0"],
  ["Lawrence J Bozzelli", "130", "115", "106", "113", "110", "55", "38", "23", "20", "18", "102", "16", "93", "4", "98", "22", "17", "18", "20", "12", "7", "9", "13", "14", "11", "10", "6", "1", "0", "0", "0"],
  ["Henry Mc Sias", "123", "112", "121", "114", "108", "54", "38", "17", "22", "21", "108", "12", "86", "98", "10", "14", "21", "11", "14", "10", "6", "9", "9", "21", "10", "9", "5", "0", "0", "0", "0"],
  ["Daniel R Sulman", "57", "77", "33", "71", "35", "46", "46", "58", "51", "88", "29", "35", "23", "22", "14", "5", "33", "78", "27", "29", "20", "21", "54", "23", "7", "10", "6", "0", "0", "1", "0"],
  ["Leon Goodman", "37", "42", "35", "34", "33", "59", "54", "39", "59", "50", "21", "53", "31", "17", "21", "33", "5", "25", "42", "36", "34", "30", "17", "28", "28", "16", "14", "1", "1", "1", "1"],
  ["Vincent Melchiorre", "35", "53", "36", "48", "32", "33", "24", "59", "34", "91", "16", "23", "18", "18", "11", "78", "25", "2", "20", "22", "23", "16", "57", "19", "7", "11", "8", "0", "1", "0", "1"],
  ["Jennifer Schultz", "50", "47", "50", "38", "57", "46", "42", "42", "66", "32", "27", "37", "25", "20", "14", "27", "42", "20", "6", "45", "13", "28", "13", "26", "17", "10", "9", "0", "1", "0", "0"],
  ["Wendi Barish", "61", "53", "45", "19", "46", "63", "43", "57", "53", "46", "14", "50", "19", "12", "10", "29", "36", "22", "45", "6", "27", "23", "6", "22", "17", "8", "2", "1", "1", "2", "0"],
  ["Danyl S Patterson", "43", "55", "28", "27", "17", "58", "47", "50", "52", "44", "7", "60", "10", "7", "6", "20", "34", "23", "13", "27", "14", "26", "19", "5", "16", "10", "8", "1", "0", "1", "0"],
  ["Terri M Booker", "39", "46", "28", "24", "29", "68", "24", "55", "48", "27", "10", "70", "13", "9", "9", "21", "30", "16", "28", "23", "26", "3", "15", "7", "20", "10", "12", "1", "0", "0", "1"],
  ["David Conroy", "29", "52", "14", "46", "18", "14", "27", "43", "26", "64", "12", "27", "15", "13", "9", "54", "17", "57", "13", "6", "19", "15", "0", "10", "10", "10", "10", "1", "0", "0", "0"],
  ["Leonard Deutchman", "28", "28", "33", "23", "17", "15", "19", "12", "27", "32", "17", "12", "18", "14", "21", "23", "28", "19", "26", "22", "5", "7", "10", "1", "11", "5", "6", "0", "1", "0", "1"],
  ["Mark J Moore", "21", "18", "18", "9", "22", "27", "19", "26", "25", "10", "8", "25", "10", "11", "10", "7", "28", "7", "17", "17", "16", "20", "10", "11", "6", "10", "8", "0", "0", "0", "0"],
  ["Jon Marshall", "25", "12", "14", "16", "18", "23", "15", "16", "20", "16", "9", "19", "9", "10", "9", "10", "16", "11", "10", "8", "10", "10", "10", "5", "10", "1", "6", "0", "0", "0", "1"],
  ["Bill Rice", "13", "6", "11", "12", "12", "12", "17", "10", "22", "7", "6", "13", "6", "6", "5", "6", "14", "8", "9", "2", "8", "12", "10", "6", "8", "6", "3", "0", "0", "0", "1"],
  ["Christian Dicicco", "0", "1", "2", "1", "3", "2", "1", "0", "3", "0", "0", "2", "1", "1", "0", "0", "1", "0", "0", "1", "1", "1", "1", "0", "0", "0", "0", "0", "0", "0", "0"],
  ["Matthew C Monroe", "0", "0", "1", "0", "0", "0", "0", "0", "1", "1", "0", "0", "0", "0", "0", "0", "1", "1", "1", "1", "0", "0", "0", "1", "0", "0", "0", "0", "1", "0", "0"],
  ["Dawn M Tancredi", "1", "1", "0", "0", "0", "1", "1", "1", "1", "1", "0", "1", "0", "0", "0", "1", "1", "0", "0", "2", "1", "0", "0", "0", "0", "0", "0", "0", "0", "0", "0"],
  ["Betsy Wahl", "0", "0", "0", "0", "1", "0", "0", "0", "0", "1", "0", "0", "0", "0", "0", "0", "1", "1", "0", "0", "0", "1", "0", "1", "0", "1", "1", "0", "0", "0", "0"],
  ["Total", "333", "332", "307", "282", "280", "278", "255", "216", "208", "196", "191", "185", "183", "170", "169", "168", "137", "132", "130", "122", "119", "109", "102", "70", "66", "51", "41", "4", "3", "2", "1"]
]
