[
  ["", "Marissa Brumbach", "Matt Wolf", "George Twardy", "Jon Marshall", "Sherman Toppin", "Bill Rice", "Betsy Wahl", "Write In"],
  ["Marissa Brumbach", "  266", "463", "277", "128", "96", "19", "0", "1"],
  ["Matt Wolf", "  463", "101", "47", "34", "22", "17", "0", "0"],
  ["George Twardy", "  277", "47", "49", "27", "11", "2", "0", "0"],
  ["Jon Marshall", "  128", "34", "27", "12", "12", "12", "0", "0"],
  ["Sherman Toppin", "   96", "22", "11", "12", "43", "5", "1", "0"],
  ["Bill Rice", "   19", "17", "2", "12", "5", "15", "0", "0"],
  ["Betsy Wahl", "    0", "0", "0", "0", "1", "0", "1", "0"],
  ["Write In", "    1", "0", "0", "0", "0", "0", "0", "0"],
  ["Total", "1,250", "684", "413", "225", "190", "70", "2", "1"]
]
