[
  ["", "Vincent Melchiorre", "David Conroy", "Deborah Cianfrani", "Stella Tsai", "Lawrence J Bozzelli", "Vincent Furlong", "Vikki Kristiansson", "John Macoretta", "Brian Mclaughlin", "Lucretia C Clemons", "Zac Shaffer", "Jennifer Schultz", "Daniel R Sulman", "Wendi Barish", "Deborah Canty", "Rania Major", "Mark B Cohen", "Henry Mc Sias", "Leon Goodman", "Shanese Johnson", "Crystal B Powell", "Danyl S Patterson", "Leonard Deutchman", "Terri M Booker", "Mark J Moore", "Jon Marshall", "Bill Rice", "Matthew C Monroe", "Christian Dicicco", "Write In"],
  ["Vincent Melchiorre", "94", "422", "321", "189", "214", "260", "104", "150", "155", "126", "165", "77", "161", "62", "82", "92", "127", "44", "46", "41", "65", "96", "34", "41", "20", "23", "25", "2", "0", "1"],
  ["David Conroy", "422", "84", "200", "154", "128", "218", "85", "76", "116", "125", "152", "48", "147", "46", "40", "67", "71", "30", "45", "26", "61", "98", "39", "28", "28", "26", "19", "0", "1", "0"],
  ["Deborah Cianfrani", "321", "200", "23", "288", "237", "235", "192", "207", "189", "135", "132", "144", "131", "122", "131", "183", "139", "103", "41", "97", "95", "89", "25", "63", "17", "14", "15", "1", "0", "1"],
  ["Stella Tsai", "189", "154", "288", "17", "176", "176", "304", "154", "116", "213", "152", "182", "172", "185", "173", "156", "90", "170", "86", "101", "72", "78", "43", "45", "24", "25", "13", "0", "0", "0"],
  ["Lawrence J Bozzelli", "214", "128", "237", "176", "24", "174", "167", "226", "153", "59", "77", "91", "78", "81", "79", "106", "115", "100", "58", "48", "31", "18", "55", "32", "13", "24", "13", "0", "0", "0"],
  ["Vincent Furlong", "260", "218", "235", "176", "174", "19", "152", "155", "150", "94", "102", "72", "116", "56", "69", "118", "99", "98", "43", "54", "34", "62", "37", "28", "10", "22", "25", "0", "0", "0"],
  ["Vikki Kristiansson", "104", "85", "192", "304", "167", "152", "8", "156", "110", "165", "97", "169", "102", "171", "169", "156", "83", "158", "78", "100", "64", "28", "46", "48", "24", "24", "10", "1", "0", "0"],
  ["John Macoretta", "150", "76", "207", "154", "226", "155", "156", "10", "130", "50", "63", "86", "72", "58", "69", "94", "108", "108", "62", "47", "19", "9", "37", "18", "12", "24", "12", "0", "0", "0"],
  ["Brian Mclaughlin", "155", "116", "189", "116", "153", "150", "110", "130", "11", "40", "75", "60", "72", "42", "53", "89", "96", "77", "46", "42", "22", "34", "34", "21", "15", "21", "13", "0", "0", "0"],
  ["Lucretia C Clemons", "126", "125", "135", "213", "59", "94", "165", "50", "40", "0", "127", "124", "122", "132", "118", "59", "29", "85", "63", "59", "75", "95", "27", "42", "31", "18", "15", "1", "1", "0"],
  ["Zac Shaffer", "165", "152", "132", "152", "77", "102", "97", "63", "75", "127", "4", "61", "160", "71", "53", "55", "58", "54", "67", "12", "38", "95", "28", "12", "18", "21", "11", "1", "0", "0"],
  ["Jennifer Schultz", "77", "48", "144", "182", "91", "72", "169", "86", "60", "124", "61", "1", "56", "160", "157", "84", "73", "71", "61", "73", "54", "14", "34", "42", "27", "25", "13", "1", "0", "0"],
  ["Daniel R Sulman", "161", "147", "131", "172", "78", "116", "102", "72", "72", "122", "160", "56", "1", "67", "59", "54", "49", "59", "53", "14", "35", "85", "33", "16", "16", "15", "10", "1", "0", "0"],
  ["Wendi Barish", "62", "46", "122", "185", "81", "56", "171", "58", "42", "132", "71", "160", "67", "10", "154", "77", "46", "81", "70", "67", "53", "19", "34", "40", "25", "13", "11", "2", "0", "0"],
  ["Deborah Canty", "82", "40", "131", "173", "79", "69", "169", "69", "53", "118", "53", "157", "59", "154", "1", "83", "62", "68", "51", "72", "58", "18", "34", "44", "20", "18", "7", "2", "0", "0"],
  ["Rania Major", "92", "67", "183", "156", "106", "118", "156", "94", "89", "59", "55", "84", "54", "77", "83", "3", "71", "76", "27", "79", "39", "28", "24", "26", "3", "10", "10", "1", "0", "0"],
  ["Mark B Cohen", "127", "71", "139", "90", "115", "99", "83", "108", "96", "29", "58", "73", "49", "46", "62", "71", "14", "46", "43", "44", "37", "18", "33", "24", "8", "14", "14", "0", "0", "0"],
  ["Henry Mc Sias", "44", "30", "103", "170", "100", "98", "158", "108", "77", "85", "54", "71", "59", "81", "68", "76", "46", "21", "54", "41", "16", "12", "16", "12", "16", "13", "7", "1", "0", "0"],
  ["Leon Goodman", "46", "45", "41", "86", "58", "43", "78", "62", "46", "63", "67", "61", "53", "70", "51", "27", "43", "54", "3", "26", "18", "5", "31", "17", "28", "13", "9", "1", "0", "0"],
  ["Shanese Johnson", "41", "26", "97", "101", "48", "54", "100", "47", "42", "59", "12", "73", "14", "67", "72", "79", "44", "41", "26", "3", "41", "6", "12", "30", "7", "5", "8", "0", "0", "0"],
  ["Crystal B Powell", "65", "61", "95", "72", "31", "34", "64", "19", "22", "75", "38", "54", "35", "53", "58", "39", "37", "16", "18", "41", "0", "36", "2", "39", "13", "5", "7", "0", "0", "0"],
  ["Danyl S Patterson", "96", "98", "89", "78", "18", "62", "28", "9", "34", "95", "95", "14", "85", "19", "18", "28", "18", "12", "5", "6", "36", "0", "5", "7", "5", "9", "6", "0", "1", "0"],
  ["Leonard Deutchman", "34", "39", "25", "43", "55", "37", "46", "37", "34", "27", "28", "34", "33", "34", "34", "24", "33", "16", "31", "12", "2", "5", "0", "9", "13", "15", "3", "1", "0", "0"],
  ["Terri M Booker", "41", "28", "63", "45", "32", "28", "48", "18", "21", "42", "12", "42", "16", "40", "44", "26", "24", "12", "17", "30", "39", "7", "9", "0", "13", "15", "13", "0", "1", "0"],
  ["Mark J Moore", "20", "28", "17", "24", "13", "10", "24", "12", "15", "31", "18", "27", "16", "25", "20", "3", "8", "16", "28", "7", "13", "5", "13", "13", "1", "13", "8", "0", "0", "0"],
  ["Jon Marshall", "23", "26", "14", "25", "24", "22", "24", "24", "21", "18", "21", "25", "15", "13", "18", "10", "14", "13", "13", "5", "5", "9", "15", "15", "13", "0", "9", "0", "1", "0"],
  ["Bill Rice", "25", "19", "15", "13", "13", "25", "10", "12", "13", "15", "11", "13", "10", "11", "7", "10", "14", "7", "9", "8", "7", "6", "3", "13", "8", "9", "0", "0", "1", "0"],
  ["Matthew C Monroe", "2", "0", "1", "0", "0", "0", "1", "0", "0", "1", "1", "1", "1", "2", "2", "1", "0", "1", "1", "0", "0", "0", "1", "0", "0", "0", "0", "0", "0", "0"],
  ["Christian Dicicco", "0", "1", "0", "0", "0", "0", "0", "0", "0", "1", "0", "0", "0", "0", "0", "0", "0", "0", "0", "0", "0", "1", "0", "1", "0", "1", "1", "0", "0", "0"],
  ["Write In", "1", "0", "1", "0", "0", "0", "0", "0", "0", "0", "0", "0", "0", "0", "0", "0", "0", "0", "0", "0", "0", "0", "0", "0", "0", "0", "0", "0", "0", "0"],
  ["Total", "795", "637", "600", "526", "456", "454", "423", "350", "319", "304", "290", "286", "283", "276", "267", "262", "261", "247", "165", "163", "142", "130", "103", "103", "63", "62", "43", "2", "1", "1"]
]
