[
  ["", "Marissa Brumbach", "Matt Wolf", "George Twardy", "Sherman Toppin", "Jon Marshall", "Bill Rice", "Betsy Wahl", "Christian Dicicco", "Crystal B Powell"],
  ["Marissa Brumbach", "  267", "339", "271", "132", "64", "31", "0", "0", "0"],
  ["Matt Wolf", "  339", "204", "66", "62", "65", "19", "1", "1", "1"],
  ["George Twardy", "  271", "66", "69", "40", "31", "9", "0", "0", "0"],
  ["Sherman Toppin", "  132", "62", "40", "92", "27", "13", "0", "0", "0"],
  ["Jon Marshall", "   64", "65", "31", "27", "40", "18", "0", "1", "0"],
  ["Bill Rice", "   31", "19", "9", "13", "18", "13", "1", "0", "0"],
  ["Betsy Wahl", "    0", "1", "0", "0", "0", "1", "2", "0", "0"],
  ["Christian Dicicco", "    0", "1", "0", "0", "1", "0", "0", "0", "0"],
  ["Crystal B Powell", "    0", "1", "0", "0", "0", "0", "0", "0", "0"],
  ["Total", "1,104", "758", "486", "366", "246", "104", "4", "2", "1"]
]
