[
  ["", "Stella Tsai", "Deborah Cianfrani", "Shanese Johnson", "Vikki Kristiansson", "Mark B Cohen", "Zac Shaffer", "Rania Major", "Daniel R Sulman", "Crystal B Powell", "Deborah Canty", "Henry Mc Sias", "Wendi Barish", "Vincent Furlong", "Lucretia C Clemons", "Danyl S Patterson", "Brian Mclaughlin", "Jennifer Schultz", "John Macoretta", "Lawrence J Bozzelli", "Vincent Melchiorre", "David Conroy", "Leon Goodman", "Terri M Booker", "Mark J Moore", "Leonard Deutchman", "Jon Marshall", "Bill Rice", "Matthew C Monroe", "Betsy Wahl", "Dawn M Tancredi"],
  ["Stella Tsai", "40", "248", "201", "188", "80", "142", "131", "137", "114", "101", "138", "112", "94", "112", "111", "101", "94", "96", "96", "96", "103", "56", "31", "25", "22", "20", "12", "1", "0", "0"],
  ["Deborah Cianfrani", "248", "17", "205", "139", "74", "95", "137", "92", "119", "79", "98", "66", "90", "59", "91", "93", "70", "89", "87", "75", "82", "41", "40", "22", "10", "15", "17", "0", "0", "0"],
  ["Shanese Johnson", "201", "205", "21", "103", "75", "88", "109", "97", "126", "82", "61", "66", "70", "70", "101", "57", "62", "61", "52", "76", "80", "48", "42", "25", "9", "19", "19", "1", "1", "0"],
  ["Vikki Kristiansson", "188", "139", "103", "8", "59", "65", "111", "52", "59", "87", "114", "77", "87", "78", "44", "77", "86", "95", "81", "11", "34", "44", "21", "12", "21", "18", "5", "2", "1", "0"],
  ["Mark B Cohen", "80", "74", "75", "59", "32", "59", "64", "52", "52", "59", "46", "41", "69", "42", "36", "52", "45", "36", "40", "25", "23", "48", "29", "23", "12", "15", "19", "2", "0", "0"],
  ["Zac Shaffer", "142", "95", "88", "65", "59", "6", "30", "119", "76", "68", "47", "66", "28", "73", "92", "25", "45", "16", "24", "106", "85", "66", "17", "18", "19", "14", "8", "0", "0", "0"],
  ["Rania Major", "131", "137", "109", "111", "64", "30", "7", "36", "42", "62", "84", "49", "82", "41", "23", "90", "56", "81", "78", "16", "8", "32", "22", "15", "10", "11", "17", "2", "0", "0"],
  ["Daniel R Sulman", "137", "92", "97", "52", "52", "119", "36", "2", "59", "43", "43", "55", "31", "50", "81", "25", "43", "23", "22", "91", "81", "51", "10", "13", "16", "11", "6", "0", "0", "0"],
  ["Crystal B Powell", "114", "119", "126", "59", "52", "76", "42", "59", "3", "72", "17", "47", "31", "67", "91", "19", "48", "15", "9", "59", "71", "43", "47", "23", "3", "22", "17", "1", "0", "0"],
  ["Deborah Canty", "101", "79", "82", "87", "59", "68", "62", "43", "72", "7", "43", "96", "35", "81", "38", "31", "90", "17", "25", "25", "24", "51", "40", "17", "16", "15", "6", "0", "0", "0"],
  ["Henry Mc Sias", "138", "98", "61", "114", "46", "47", "84", "43", "17", "43", "9", "50", "83", "53", "18", "82", "47", "87", "82", "13", "10", "24", "14", "15", "10", "6", "2", "0", "0", "0"],
  ["Wendi Barish", "112", "66", "66", "77", "41", "66", "49", "55", "47", "96", "50", "5", "30", "80", "31", "26", "89", "21", "27", "32", "22", "56", "31", "15", "28", "17", "6", "0", "1", "0"],
  ["Vincent Furlong", "94", "90", "70", "87", "69", "28", "82", "31", "31", "35", "83", "30", "7", "23", "21", "82", "30", "77", "78", "11", "16", "32", "12", "16", "16", "10", "8", "0", "1", "0"],
  ["Lucretia C Clemons", "112", "59", "70", "78", "42", "73", "41", "50", "67", "81", "53", "80", "23", "2", "46", "27", "66", "18", "14", "33", "31", "57", "38", "26", "13", "16", "9", "0", "0", "0"],
  ["Danyl S Patterson", "111", "91", "101", "44", "36", "92", "23", "81", "91", "38", "18", "31", "21", "46", "5", "9", "16", "15", "13", "72", "96", "29", "14", "13", "3", "15", "10", "2", "0", "1"],
  ["Brian Mclaughlin", "101", "93", "57", "77", "52", "25", "90", "25", "19", "31", "82", "26", "82", "27", "9", "11", "30", "80", "81", "11", "6", "24", "16", "13", "12", "9", "16", "1", "0", "0"],
  ["Jennifer Schultz", "94", "70", "62", "86", "45", "45", "56", "43", "48", "90", "47", "89", "30", "66", "16", "30", "1", "25", "20", "18", "13", "42", "31", "25", "26", "14", "8", "1", "1", "1"],
  ["John Macoretta", "96", "89", "61", "95", "36", "16", "81", "23", "15", "17", "87", "21", "77", "18", "15", "80", "25", "12", "86", "11", "11", "15", "9", "12", "16", "9", "12", "1", "1", "0"],
  ["Lawrence J Bozzelli", "96", "87", "52", "81", "40", "24", "78", "22", "9", "25", "82", "27", "78", "14", "13", "81", "20", "86", "5", "10", "10", "18", "10", "8", "17", "3", "12", "0", "0", "0"],
  ["Vincent Melchiorre", "96", "75", "76", "11", "25", "106", "16", "91", "59", "25", "13", "32", "11", "33", "72", "11", "18", "11", "10", "2", "68", "34", "9", "13", "12", "4", "4", "0", "0", "0"],
  ["David Conroy", "103", "82", "80", "34", "23", "85", "8", "81", "71", "24", "10", "22", "16", "31", "96", "6", "13", "11", "10", "68", "1", "25", "7", "9", "7", "12", "6", "0", "0", "0"],
  ["Leon Goodman", "56", "41", "48", "44", "48", "66", "32", "51", "43", "51", "24", "56", "32", "57", "29", "24", "42", "15", "18", "34", "25", "4", "23", "21", "22", "18", "12", "0", "1", "0"],
  ["Terri M Booker", "31", "40", "42", "21", "29", "17", "22", "10", "47", "40", "14", "31", "12", "38", "14", "16", "31", "9", "10", "9", "7", "23", "5", "18", "2", "11", "16", "0", "0", "0"],
  ["Mark J Moore", "25", "22", "25", "12", "23", "18", "15", "13", "23", "17", "15", "15", "16", "26", "13", "13", "25", "12", "8", "13", "9", "21", "18", "1", "9", "13", "11", "1", "0", "0"],
  ["Leonard Deutchman", "22", "10", "9", "21", "12", "19", "10", "16", "3", "16", "10", "28", "16", "13", "3", "12", "26", "16", "17", "12", "7", "22", "2", "9", "2", "12", "3", "2", "1", "1"],
  ["Jon Marshall", "20", "15", "19", "18", "15", "14", "11", "11", "22", "15", "6", "17", "10", "16", "15", "9", "14", "9", "3", "4", "12", "18", "11", "13", "12", "2", "6", "1", "0", "1"],
  ["Bill Rice", "12", "17", "19", "5", "19", "8", "17", "6", "17", "6", "2", "6", "8", "9", "10", "16", "8", "12", "12", "4", "6", "12", "16", "11", "3", "6", "1", "2", "0", "0"],
  ["Matthew C Monroe", "1", "0", "1", "2", "2", "0", "2", "0", "1", "0", "0", "0", "0", "0", "2", "1", "1", "1", "0", "0", "0", "0", "0", "1", "2", "1", "2", "1", "0", "1"],
  ["Betsy Wahl", "0", "0", "1", "1", "0", "0", "0", "0", "0", "0", "0", "1", "1", "0", "0", "0", "1", "1", "0", "0", "0", "1", "0", "0", "1", "0", "0", "0", "0", "0"],
  ["Dawn M Tancredi", "0", "0", "0", "0", "0", "0", "0", "0", "0", "0", "0", "0", "0", "0", "1", "0", "1", "0", "0", "0", "0", "0", "0", "0", "1", "1", "0", "1", "0", "0"],
  ["Total", "424", "333", "320", "256", "226", "221", "207", "199", "198", "188", "187", "184", "176", "174", "169", "160", "160", "157", "140", "136", "134", "134", "82", "64", "51", "50", "38", "4", "1", "1"]
]
