[
  ["", "Lucretia C Clemons", "Vikki Kristiansson", "Stella Tsai", "John Macoretta", "Deborah Canty", "Mark B Cohen", "Jennifer Schultz", "Shanese Johnson", "Leon Goodman", "Rania Major", "Henry Mc Sias", "Wendi Barish", "Zac Shaffer", "Deborah Cianfrani", "Daniel R Sulman", "Crystal B Powell", "Vincent Furlong", "Lawrence J Bozzelli", "Brian Mclaughlin", "Danyl S Patterson", "Mark J Moore", "David Conroy", "Leonard Deutchman", "Terri M Booker", "Vincent Melchiorre", "Jon Marshall", "Bill Rice", "Christian Dicicco", "Matthew C Monroe", "Dawn M Tancredi", "Write In", "Betsy Wahl"],
  ["Lucretia C Clemons", "   89", "1,365", "1,338", "969", "977", "758", "969", "769", "868", "678", "847", "906", "626", "462", "641", "601", "406", "305", "277", "464", "513", "367", "268", "366", "215", "180", "115", "3", "1", "0", "2", "0"],
  ["Vikki Kristiansson", "1,365", "50", "1,433", "1,081", "960", "722", "989", "613", "791", "744", "997", "839", "698", "550", "591", "324", "482", "502", "378", "323", "240", "361", "418", "169", "124", "102", "36", "4", "3", "3", "1", "0"],
  ["Stella Tsai", "1,338", "1,433", "62", "972", "874", "491", "1,001", "633", "543", "625", "863", "864", "597", "661", "700", "300", "580", "444", "416", "144", "301", "270", "241", "203", "207", "120", "63", "4", "3", "2", "0", "0"],
  ["John Macoretta", "  969", "1,081", "972", "90", "549", "531", "527", "417", "651", "417", "699", "410", "404", "400", "410", "157", "506", "436", "382", "195", "208", "293", "300", "118", "143", "110", "50", "3", "3", "1", "0", "0"],
  ["Deborah Canty", "  977", "960", "874", "549", "30", "639", "827", "667", "663", "582", "403", "686", "430", "441", "339", "468", "303", "321", "255", "335", "271", "321", "353", "283", "124", "148", "87", "3", "3", "3", "0", "1"],
  ["Mark B Cohen", "  758", "722", "491", "531", "639", "84", "446", "567", "511", "749", "323", "258", "397", "341", "225", "372", "284", "263", "269", "461", "184", "242", "282", "224", "128", "100", "105", "2", "3", "1", "1", "0"],
  ["Jennifer Schultz", "  969", "989", "1,001", "527", "827", "446", "13", "452", "411", "469", "568", "839", "372", "442", "425", "340", "251", "276", "208", "110", "266", "185", "268", "250", "108", "127", "54", "4", "3", "2", "0", "1"],
  ["Shanese Johnson", "  769", "613", "633", "417", "667", "567", "452", "83", "414", "701", "228", "398", "194", "489", "219", "517", "307", "195", "219", "287", "226", "110", "86", "312", "121", "90", "115", "1", "4", "3", "0", "0"],
  ["Leon Goodman", "  868", "791", "543", "651", "663", "511", "411", "414", "16", "319", "477", "414", "440", "225", "274", "351", "243", "231", "252", "320", "338", "313", "304", "235", "140", "119", "79", "2", "5", "2", "0", "1"],
  ["Rania Major", "  678", "744", "625", "417", "582", "749", "469", "701", "319", "33", "329", "330", "222", "498", "203", "386", "315", "348", "294", "331", "158", "100", "191", "217", "90", "70", "81", "3", "1", "0", "0", "0"],
  ["Henry Mc Sias", "  847", "997", "863", "699", "403", "323", "568", "228", "477", "329", "17", "446", "348", "307", "403", "126", "376", "391", "300", "80", "185", "99", "177", "101", "72", "57", "26", "0", "3", "1", "0", "0"],
  ["Wendi Barish", "  906", "839", "864", "410", "686", "258", "839", "398", "414", "330", "446", "2", "425", "361", "375", "310", "181", "197", "150", "125", "235", "154", "181", "191", "96", "104", "43", "6", "3", "2", "0", "1"],
  ["Zac Shaffer", "  626", "698", "597", "404", "430", "397", "372", "194", "440", "222", "348", "425", "8", "146", "427", "166", "183", "134", "119", "262", "138", "297", "232", "65", "172", "62", "39", "2", "2", "0", "0", "1"],
  ["Deborah Cianfrani", "  462", "550", "661", "400", "441", "341", "442", "489", "225", "498", "307", "361", "146", "13", "181", "283", "351", "238", "276", "75", "127", "82", "76", "220", "136", "41", "51", "1", "1", "0", "0", "0"],
  ["Daniel R Sulman", "  641", "591", "700", "410", "339", "225", "425", "219", "274", "203", "403", "375", "427", "181", "8", "114", "242", "117", "130", "105", "140", "187", "141", "71", "148", "68", "43", "0", "1", "1", "0", "1"],
  ["Crystal B Powell", "  601", "324", "300", "157", "468", "372", "340", "517", "351", "386", "126", "310", "166", "283", "114", "12", "130", "52", "108", "296", "228", "140", "47", "327", "76", "86", "95", "1", "2", "1", "0", "0"],
  ["Vincent Furlong", "  406", "482", "580", "506", "303", "284", "251", "307", "243", "315", "376", "181", "183", "351", "242", "130", "16", "300", "313", "85", "97", "159", "100", "73", "136", "71", "52", "1", "2", "2", "0", "0"],
  ["Lawrence J Bozzelli", "  305", "502", "444", "436", "321", "263", "276", "195", "231", "348", "391", "197", "134", "238", "117", "52", "300", "8", "319", "39", "107", "99", "222", "40", "56", "69", "32", "3", "2", "0", "0", "0"],
  ["Brian Mclaughlin", "  277", "378", "416", "382", "255", "269", "208", "219", "252", "294", "300", "150", "119", "276", "130", "108", "313", "319", "16", "74", "118", "101", "101", "72", "79", "82", "54", "1", "0", "1", "0", "0"],
  ["Danyl S Patterson", "  464", "323", "144", "195", "335", "461", "110", "287", "320", "331", "80", "125", "262", "75", "105", "296", "85", "39", "74", "7", "115", "209", "120", "123", "59", "72", "49", "3", "1", "0", "0", "0"],
  ["Mark J Moore", "  513", "240", "301", "208", "271", "184", "266", "226", "338", "158", "185", "235", "138", "127", "140", "228", "97", "107", "118", "115", "17", "105", "84", "179", "62", "107", "63", "4", "1", "1", "0", "0"],
  ["David Conroy", "  367", "361", "270", "293", "321", "242", "185", "110", "313", "100", "99", "154", "297", "82", "187", "140", "159", "99", "101", "209", "105", "0", "185", "65", "87", "92", "40", "1", "2", "1", "0", "0"],
  ["Leonard Deutchman", "  268", "418", "241", "300", "353", "282", "268", "86", "304", "191", "177", "181", "232", "76", "141", "47", "100", "222", "101", "120", "84", "185", "3", "33", "62", "61", "24", "0", "4", "0", "0", "1"],
  ["Terri M Booker", "  366", "169", "203", "118", "283", "224", "250", "312", "235", "217", "101", "191", "65", "220", "71", "327", "73", "40", "72", "123", "179", "65", "33", "10", "44", "70", "75", "2", "1", "2", "0", "0"],
  ["Vincent Melchiorre", "  215", "124", "207", "143", "124", "128", "108", "121", "140", "90", "72", "96", "172", "136", "148", "76", "136", "56", "79", "59", "62", "87", "62", "44", "3", "36", "39", "2", "1", "0", "0", "1"],
  ["Jon Marshall", "  180", "102", "120", "110", "148", "100", "127", "90", "119", "70", "57", "104", "62", "41", "68", "86", "71", "69", "82", "72", "107", "92", "61", "70", "36", "2", "50", "2", "0", "0", "0", "0"],
  ["Bill Rice", "  115", "36", "63", "50", "87", "105", "54", "115", "79", "81", "26", "43", "39", "51", "43", "95", "52", "32", "54", "49", "63", "40", "24", "75", "39", "50", "2", "0", "0", "2", "0", "0"],
  ["Christian Dicicco", "    3", "4", "4", "3", "3", "2", "4", "1", "2", "3", "0", "6", "2", "1", "0", "1", "1", "3", "1", "3", "4", "1", "0", "2", "2", "2", "0", "1", "0", "0", "0", "0"],
  ["Matthew C Monroe", "    1", "3", "3", "3", "3", "3", "3", "4", "5", "1", "3", "3", "2", "1", "1", "2", "2", "2", "0", "1", "1", "2", "4", "1", "1", "0", "0", "0", "0", "1", "0", "0"],
  ["Dawn M Tancredi", "    0", "3", "2", "1", "3", "1", "2", "3", "2", "0", "1", "2", "0", "0", "1", "1", "2", "0", "1", "0", "1", "1", "0", "2", "0", "0", "2", "0", "1", "0", "0", "0"],
  ["Write In", "    2", "1", "0", "0", "0", "1", "0", "0", "0", "0", "0", "0", "0", "0", "0", "0", "0", "0", "0", "0", "0", "0", "0", "0", "0", "0", "0", "0", "0", "0", "0", "0"],
  ["Betsy Wahl", "    0", "0", "0", "0", "1", "0", "1", "0", "1", "0", "0", "1", "1", "0", "1", "0", "0", "0", "0", "0", "0", "0", "1", "0", "1", "0", "0", "0", "0", "0", "0", "0"],
  ["Total", "2,662", "2,394", "2,274", "1,825", "1,767", "1,625", "1,570", "1,488", "1,480", "1,428", "1,369", "1,302", "1,067", "1,061", "973", "917", "903", "787", "757", "742", "698", "631", "620", "593", "390", "309", "217", "9", "7", "4", "2", "1"]
]
