[
  ["", "Stella Tsai", "Brian Mclaughlin", "Vikki Kristiansson", "Mark B Cohen", "Vincent Furlong", "David Conroy", "Deborah Cianfrani", "Wendi Barish", "Jennifer Schultz", "Deborah Canty", "Vincent Melchiorre", "Zac Shaffer", "Daniel R Sulman", "Lawrence J Bozzelli", "Lucretia C Clemons", "Rania Major", "John Macoretta", "Leon Goodman", "Henry Mc Sias", "Shanese Johnson", "Leonard Deutchman", "Crystal B Powell", "Terri M Booker", "Bill Rice", "Mark J Moore", "Jon Marshall", "Danyl S Patterson", "Write In", "Christian Dicicco", "Dawn M Tancredi", "Matthew C Monroe"],
  ["Stella Tsai", "31", "245", "381", "182", "240", "182", "275", "242", "223", "217", "172", "171", "179", "157", "192", "187", "140", "86", "141", "99", "58", "73", "51", "28", "31", "33", "38", "0", "0", "0", "1"],
  ["Brian Mclaughlin", "245", "40", "226", "250", "271", "180", "250", "126", "159", "138", "164", "112", "105", "209", "79", "142", "188", "98", "121", "73", "68", "43", "48", "69", "50", "36", "38", "1", "0", "1", "1"],
  ["Vikki Kristiansson", "381", "226", "13", "189", "266", "181", "226", "241", "203", "195", "148", "190", "167", "160", "174", "201", "164", "96", "130", "94", "62", "66", "49", "21", "28", "25", "23", "0", "0", "0", "1"],
  ["Mark B Cohen", "182", "250", "189", "61", "217", "145", "208", "141", "176", "147", "125", "138", "113", "134", "61", "147", "129", "137", "79", "60", "81", "52", "52", "55", "36", "30", "26", "1", "0", "1", "0"],
  ["Vincent Furlong", "240", "271", "266", "217", "22", "205", "181", "139", "110", "110", "206", "164", "150", "155", "109", "120", "167", "82", "114", "55", "47", "31", "34", "48", "38", "28", "25", "1", "0", "0", "0"],
  ["David Conroy", "182", "180", "181", "145", "205", "63", "83", "133", "89", "92", "182", "168", "141", "70", "144", "43", "61", "64", "32", "30", "47", "31", "32", "39", "49", "25", "33", "1", "1", "1", "0"],
  ["Deborah Cianfrani", "275", "250", "226", "208", "181", "83", "14", "172", "189", "169", "113", "71", "72", "149", "78", "186", "148", "63", "113", "79", "48", "70", "62", "41", "20", "27", "32", "1", "0", "0", "0"],
  ["Wendi Barish", "242", "126", "241", "141", "139", "133", "172", "7", "214", "198", "120", "152", "138", "70", "167", "95", "56", "103", "52", "65", "44", "59", "55", "25", "34", "25", "18", "0", "0", "0", "1"],
  ["Jennifer Schultz", "223", "159", "203", "176", "110", "89", "189", "214", "8", "237", "65", "101", "101", "85", "105", "118", "75", "99", "61", "65", "59", "75", "75", "36", "35", "31", "21", "0", "0", "0", "1"],
  ["Deborah Canty", "217", "138", "195", "147", "110", "92", "169", "198", "237", "1", "64", "93", "102", "77", "119", "115", "59", "83", "64", "67", "54", "86", "73", "26", "42", "24", "29", "0", "0", "0", "1"],
  ["Vincent Melchiorre", "172", "164", "148", "125", "206", "182", "113", "120", "65", "64", "7", "175", "159", "72", "121", "48", "74", "60", "33", "30", "34", "26", "25", "37", "21", "29", "34", "0", "0", "1", "0"],
  ["Zac Shaffer", "171", "112", "190", "138", "164", "168", "71", "152", "101", "93", "175", "3", "158", "64", "123", "65", "58", "90", "38", "25", "55", "28", "22", "23", "23", "18", "19", "0", "0", "0", "1"],
  ["Daniel R Sulman", "179", "105", "167", "113", "150", "141", "72", "138", "101", "102", "159", "158", "8", "58", "98", "58", "58", "86", "42", "26", "38", "16", "19", "28", "20", "21", "12", "0", "0", "1", "1"],
  ["Lawrence J Bozzelli", "157", "209", "160", "134", "155", "70", "149", "70", "85", "77", "72", "64", "58", "1", "50", "123", "173", "66", "102", "36", "62", "14", "9", "29", "26", "28", "18", "0", "0", "1", "0"],
  ["Lucretia C Clemons", "192", "79", "174", "61", "109", "144", "78", "167", "105", "119", "121", "123", "98", "50", "3", "50", "32", "57", "41", "51", "30", "59", "36", "24", "36", "22", "25", "0", "0", "0", "0"],
  ["Rania Major", "187", "142", "201", "147", "120", "43", "186", "95", "118", "115", "48", "65", "58", "123", "50", "7", "104", "65", "98", "83", "34", "50", "43", "19", "10", "10", "10", "0", "0", "1", "0"],
  ["John Macoretta", "140", "188", "164", "129", "167", "61", "148", "56", "75", "59", "74", "58", "58", "173", "32", "104", "4", "64", "117", "39", "48", "17", "13", "35", "27", "27", "14", "0", "0", "0", "0"],
  ["Leon Goodman", "86", "98", "96", "137", "82", "64", "63", "103", "99", "83", "60", "90", "86", "66", "57", "65", "64", "8", "49", "32", "68", "18", "32", "26", "39", "25", "20", "0", "0", "1", "0"],
  ["Henry Mc Sias", "141", "121", "130", "79", "114", "32", "113", "52", "61", "64", "33", "38", "42", "102", "41", "98", "117", "49", "5", "41", "20", "9", "13", "12", "22", "10", "6", "0", "0", "0", "0"],
  ["Shanese Johnson", "99", "73", "94", "60", "55", "30", "79", "65", "65", "67", "30", "25", "26", "36", "51", "83", "39", "32", "41", "11", "13", "44", "33", "13", "13", "16", "15", "0", "0", "0", "0"],
  ["Leonard Deutchman", "58", "68", "62", "81", "47", "47", "48", "44", "59", "54", "34", "55", "38", "62", "30", "34", "48", "68", "20", "13", "5", "11", "12", "12", "18", "20", "12", "0", "0", "0", "0"],
  ["Crystal B Powell", "73", "43", "66", "52", "31", "31", "70", "59", "75", "86", "26", "28", "16", "14", "59", "50", "17", "18", "9", "44", "11", "3", "55", "17", "19", "8", "25", "0", "1", "0", "0"],
  ["Terri M Booker", "51", "48", "49", "52", "34", "32", "62", "55", "75", "73", "25", "22", "19", "9", "36", "43", "13", "32", "13", "33", "12", "55", "3", "24", "22", "15", "17", "0", "1", "0", "0"],
  ["Bill Rice", "28", "69", "21", "55", "48", "39", "41", "25", "36", "26", "37", "23", "28", "29", "24", "19", "35", "26", "12", "13", "12", "17", "24", "2", "19", "27", "16", "0", "0", "0", "0"],
  ["Mark J Moore", "31", "50", "28", "36", "38", "49", "20", "34", "35", "42", "21", "23", "20", "26", "36", "10", "27", "39", "22", "13", "18", "19", "22", "19", "1", "27", "13", "1", "0", "0", "0"],
  ["Jon Marshall", "33", "36", "25", "30", "28", "25", "27", "25", "31", "24", "29", "18", "21", "28", "22", "10", "27", "25", "10", "16", "20", "8", "15", "27", "27", "1", "13", "0", "0", "0", "0"],
  ["Danyl S Patterson", "38", "38", "23", "26", "25", "33", "32", "18", "21", "29", "34", "19", "12", "18", "25", "10", "14", "20", "6", "15", "12", "25", "17", "16", "13", "13", "1", "0", "0", "0", "0"],
  ["Write In", "0", "1", "0", "1", "1", "1", "1", "0", "0", "0", "0", "0", "0", "0", "0", "0", "0", "0", "0", "0", "0", "0", "0", "0", "1", "0", "0", "0", "0", "0", "0"],
  ["Christian Dicicco", "0", "0", "0", "0", "0", "1", "0", "0", "0", "0", "0", "0", "0", "0", "0", "0", "0", "0", "0", "0", "0", "1", "1", "0", "0", "0", "0", "0", "0", "0", "0"],
  ["Dawn M Tancredi", "0", "1", "0", "1", "0", "1", "0", "0", "0", "0", "1", "0", "1", "1", "0", "1", "0", "1", "0", "0", "0", "0", "0", "0", "0", "0", "0", "0", "0", "0", "0"],
  ["Matthew C Monroe", "1", "1", "1", "0", "0", "0", "0", "1", "1", "1", "0", "1", "1", "0", "0", "0", "0", "0", "0", "0", "0", "0", "0", "0", "0", "0", "0", "0", "0", "0", "0"],
  ["Total", "640", "624", "589", "587", "567", "497", "488", "436", "418", "380", "379", "358", "339", "321", "314", "312", "296", "259", "223", "177", "157", "146", "131", "121", "104", "85", "84", "2", "1", "1", "1"]
]
