[
  ["", "Mark B Cohen", "Vincent Furlong", "Brian Mclaughlin", "Deborah Cianfrani", "Stella Tsai", "Vikki Kristiansson", "Daniel R Sulman", "Jennifer Schultz", "Deborah Canty", "John Macoretta", "Lawrence J Bozzelli", "Zac Shaffer", "David Conroy", "Wendi Barish", "Rania Major", "Leon Goodman", "Vincent Melchiorre", "Shanese Johnson", "Lucretia C Clemons", "Henry Mc Sias", "Crystal B Powell", "Leonard Deutchman", "Terri M Booker", "Mark J Moore", "Bill Rice", "Jon Marshall", "Danyl S Patterson", "Matthew C Monroe", "Betsy Wahl", "Christian Dicicco", "Dawn M Tancredi"],
  ["Mark B Cohen", "132", "290", "280", "292", "209", "221", "216", "248", "204", "213", "188", "185", "134", "170", "183", "194", "143", "135", "90", "101", "95", "108", "95", "57", "84", "67", "58", "1", "0", "0", "0"],
  ["Vincent Furlong", "290", "31", "283", "244", "204", "222", "198", "143", "135", "217", "199", "169", "170", "109", "156", "138", "196", "162", "111", "135", "85", "83", "49", "51", "64", "44", "30", "1", "0", "1", "1"],
  ["Brian Mclaughlin", "280", "283", "46", "248", "215", "196", "135", "158", "131", "228", "233", "108", "115", "97", "160", "127", "121", "111", "61", "142", "42", "75", "44", "56", "60", "51", "33", "1", "0", "0", "0"],
  ["Deborah Cianfrani", "292", "244", "248", "18", "275", "256", "114", "217", "199", "192", "197", "83", "67", "168", "222", "94", "113", "136", "79", "132", "94", "50", "94", "33", "43", "24", "28", "1", "0", "0", "0"],
  ["Stella Tsai", "209", "204", "215", "275", "35", "308", "134", "234", "213", "170", "176", "114", "91", "184", "217", "106", "82", "149", "141", "160", "91", "59", "87", "51", "25", "35", "26", "2", "0", "0", "0"],
  ["Vikki Kristiansson", "221", "222", "196", "256", "308", "23", "135", "216", "205", "183", "181", "127", "97", "161", "204", "106", "78", "119", "120", "129", "82", "67", "67", "43", "23", "30", "29", "1", "0", "0", "1"],
  ["Daniel R Sulman", "216", "198", "135", "114", "134", "135", "75", "153", "133", "100", "97", "192", "138", "122", "77", "148", "145", "89", "93", "59", "78", "81", "32", "39", "36", "36", "38", "2", "0", "1", "0"],
  ["Jennifer Schultz", "248", "143", "158", "217", "234", "216", "153", "9", "260", "100", "97", "129", "92", "221", "140", "126", "82", "99", "107", "65", "116", "80", "103", "50", "40", "44", "33", "0", "0", "0", "0"],
  ["Deborah Canty", "204", "135", "131", "199", "213", "205", "133", "260", "8", "76", "94", "109", "91", "201", "125", "116", "77", "95", "119", "58", "118", "72", "91", "37", "38", "32", "42", "1", "1", "0", "1"],
  ["John Macoretta", "213", "217", "228", "192", "170", "183", "100", "100", "76", "17", "222", "77", "69", "64", "146", "99", "91", "88", "37", "126", "25", "74", "25", "29", "42", "33", "26", "0", "0", "0", "1"],
  ["Lawrence J Bozzelli", "188", "199", "233", "197", "176", "181", "97", "97", "94", "222", "8", "86", "68", "77", "147", "102", "78", "84", "45", "131", "21", "70", "15", "39", "34", "32", "15", "0", "0", "0", "1"],
  ["Zac Shaffer", "185", "169", "108", "83", "114", "127", "192", "129", "109", "77", "86", "5", "125", "106", "83", "148", "157", "75", "93", "45", "78", "77", "27", "34", "33", "31", "30", "2", "0", "1", "1"],
  ["David Conroy", "134", "170", "115", "67", "91", "97", "138", "92", "91", "69", "68", "125", "38", "56", "50", "84", "137", "67", "113", "27", "89", "52", "42", "49", "44", "30", "40", "1", "0", "1", "0"],
  ["Wendi Barish", "170", "109", "97", "168", "184", "161", "122", "221", "201", "64", "77", "106", "56", "8", "93", "126", "58", "78", "105", "56", "82", "63", "73", "35", "33", "36", "19", "1", "0", "0", "0"],
  ["Rania Major", "183", "156", "160", "222", "217", "204", "77", "140", "125", "146", "147", "83", "50", "93", "10", "71", "52", "135", "65", "114", "63", "47", "56", "21", "20", "17", "16", "0", "0", "0", "1"],
  ["Leon Goodman", "194", "138", "127", "94", "106", "106", "148", "126", "116", "99", "102", "148", "84", "126", "71", "10", "83", "59", "64", "53", "45", "86", "43", "48", "38", "35", "37", "0", "1", "0", "0"],
  ["Vincent Melchiorre", "143", "196", "121", "113", "82", "78", "145", "82", "77", "91", "78", "157", "137", "58", "52", "83", "10", "85", "86", "27", "71", "51", "21", "31", "36", "31", "26", "1", "0", "1", "0"],
  ["Shanese Johnson", "135", "162", "111", "136", "149", "119", "89", "99", "95", "88", "84", "75", "67", "78", "135", "59", "85", "18", "110", "68", "103", "19", "52", "24", "21", "17", "23", "1", "0", "1", "1"],
  ["Lucretia C Clemons", "90", "111", "61", "79", "141", "120", "93", "107", "119", "37", "45", "93", "113", "105", "65", "64", "86", "110", "5", "35", "125", "28", "64", "50", "29", "28", "41", "2", "0", "1", "0"],
  ["Henry Mc Sias", "101", "135", "142", "132", "160", "129", "59", "65", "58", "126", "131", "45", "27", "56", "114", "53", "27", "68", "35", "4", "15", "32", "20", "29", "15", "16", "16", "0", "0", "0", "0"],
  ["Crystal B Powell", "95", "85", "42", "94", "91", "82", "78", "116", "118", "25", "21", "78", "89", "82", "63", "45", "71", "103", "125", "15", "1", "15", "76", "31", "31", "25", "37", "1", "0", "1", "0"],
  ["Leonard Deutchman", "108", "83", "75", "50", "59", "67", "81", "80", "72", "74", "70", "77", "52", "63", "47", "86", "51", "19", "28", "32", "15", "2", "12", "23", "19", "22", "8", "0", "0", "0", "0"],
  ["Terri M Booker", "95", "49", "44", "94", "87", "67", "32", "103", "91", "25", "15", "27", "42", "73", "56", "43", "21", "52", "64", "20", "76", "12", "2", "39", "35", "25", "30", "0", "0", "0", "0"],
  ["Mark J Moore", "57", "51", "56", "33", "51", "43", "39", "50", "37", "29", "39", "34", "49", "35", "21", "48", "31", "24", "50", "29", "31", "23", "39", "0", "32", "33", "25", "0", "0", "0", "0"],
  ["Bill Rice", "84", "64", "60", "43", "25", "23", "36", "40", "38", "42", "34", "33", "44", "33", "20", "38", "36", "21", "29", "15", "31", "19", "35", "32", "0", "38", "28", "0", "0", "0", "0"],
  ["Jon Marshall", "67", "44", "51", "24", "35", "30", "36", "44", "32", "33", "32", "31", "30", "36", "17", "35", "31", "17", "28", "16", "25", "22", "25", "33", "38", "1", "26", "0", "0", "0", "0"],
  ["Danyl S Patterson", "58", "30", "33", "28", "26", "29", "38", "33", "42", "26", "15", "30", "40", "19", "16", "37", "26", "23", "41", "16", "37", "8", "30", "25", "28", "26", "2", "0", "0", "0", "0"],
  ["Matthew C Monroe", "1", "1", "1", "1", "2", "1", "2", "0", "1", "0", "0", "2", "1", "1", "0", "0", "1", "1", "2", "0", "1", "0", "0", "0", "0", "0", "0", "0", "0", "0", "0"],
  ["Betsy Wahl", "0", "0", "0", "0", "0", "0", "0", "0", "1", "0", "0", "0", "0", "0", "0", "1", "0", "0", "0", "0", "0", "0", "0", "0", "0", "0", "0", "0", "0", "0", "0"],
  ["Christian Dicicco", "0", "1", "0", "0", "0", "0", "1", "0", "0", "0", "0", "1", "1", "0", "0", "0", "1", "1", "1", "0", "1", "0", "0", "0", "0", "0", "0", "0", "0", "0", "0"],
  ["Dawn M Tancredi", "0", "1", "0", "0", "0", "1", "0", "0", "1", "1", "1", "1", "0", "0", "1", "0", "0", "1", "0", "0", "0", "0", "0", "0", "0", "0", "0", "0", "0", "0", "0"],
  ["Total", "848", "648", "587", "578", "578", "560", "542", "494", "436", "427", "399", "392", "391", "384", "381", "372", "369", "336", "295", "253", "247", "200", "182", "144", "137", "121", "110", "3", "1", "1", "1"]
]
