[
  ["", "Marissa Brumbach", "Matt Wolf", "George Twardy", "Sherman Toppin", "Jon Marshall", "Bill Rice", "Betsy Wahl"],
  ["Marissa Brumbach", "196", "270", "271", "123", "52", "31", "0"],
  ["Matt Wolf", "270", "254", "57", "104", "64", "17", "0"],
  ["George Twardy", "271", "57", "98", "38", "24", "6", "0"],
  ["Sherman Toppin", "123", "104", "38", "131", "33", "11", "2"],
  ["Jon Marshall", "52", "64", "24", "33", "50", "24", "0"],
  ["Bill Rice", "31", "17", "6", "11", "24", "24", "0"],
  ["Betsy Wahl", "0", "0", "0", "2", "0", "0", "3"],
  ["Total", "943", "766", "494", "442", "247", "113", "5"]
]
