[
  ["", "Vikki Kristiansson", "Stella Tsai", "Deborah Cianfrani", "Deborah Canty", "Shanese Johnson", "Lucretia C Clemons", "Zac Shaffer", "Jennifer Schultz", "Vincent Furlong", "Leon Goodman", "Rania Major", "Wendi Barish", "Crystal B Powell", "Henry Mc Sias", "Mark B Cohen", "John Macoretta", "Daniel R Sulman", "Brian Mclaughlin", "Lawrence J Bozzelli", "David Conroy", "Danyl S Patterson", "Terri M Booker", "Leonard Deutchman", "Vincent Melchiorre", "Mark J Moore", "Jon Marshall", "Bill Rice", "Dawn M Tancredi", "Matthew C Monroe", "Betsy Wahl", "Christian Dicicco"],
  ["Vikki Kristiansson", "14", "388", "263", "235", "204", "223", "211", "202", "197", "165", "180", "195", "137", "203", "143", "179", "136", "124", "139", "128", "87", "44", "87", "69", "43", "28", "14", "1", "0", "1", "0"],
  ["Stella Tsai", "388", "45", "265", "211", "198", "222", "170", "226", "205", "114", "185", "201", "116", "207", "96", "146", "152", "128", "137", "82", "46", "61", "63", "75", "56", "37", "18", "2", "1", "1", "0"],
  ["Deborah Cianfrani", "263", "265", "16", "129", "196", "95", "103", "117", "175", "81", "177", "100", "126", "123", "100", "108", "71", "112", "111", "54", "45", "51", "21", "64", "35", "22", "20", "2", "1", "0", "0"],
  ["Deborah Canty", "235", "211", "129", "19", "127", "167", "128", "189", "84", "137", "107", "177", "110", "83", "119", "88", "76", "61", "60", "90", "71", "65", "89", "34", "55", "41", "28", "1", "3", "0", "1"],
  ["Shanese Johnson", "204", "198", "196", "127", "30", "111", "89", "110", "129", "84", "145", "90", "138", "61", "90", "57", "72", "65", "51", "47", "55", "58", "19", "53", "32", "24", "31", "2", "1", "1", "0"],
  ["Lucretia C Clemons", "223", "222", "95", "167", "111", "8", "137", "187", "48", "116", "75", "192", "123", "118", "66", "47", "101", "41", "45", "68", "46", "69", "47", "34", "72", "39", "28", "0", "0", "1", "0"],
  ["Zac Shaffer", "211", "170", "103", "128", "89", "137", "4", "91", "108", "133", "34", "93", "106", "88", "103", "78", "123", "35", "32", "117", "81", "15", "65", "74", "29", "21", "14", "1", "2", "0", "0"],
  ["Jennifer Schultz", "202", "226", "117", "189", "110", "187", "91", "3", "52", "81", "101", "212", "97", "113", "67", "45", "86", "43", "46", "33", "31", "67", "58", "40", "59", "35", "19", "0", "1", "0", "0"],
  ["Vincent Furlong", "197", "205", "175", "84", "129", "48", "108", "52", "10", "68", "122", "44", "90", "121", "81", "124", "71", "121", "118", "55", "37", "27", "26", "55", "22", "16", "19", "1", "0", "1", "0"],
  ["Leon Goodman", "165", "114", "81", "137", "84", "116", "133", "81", "68", "13", "44", "71", "79", "57", "116", "81", "60", "48", "47", "95", "68", "47", "77", "36", "65", "23", "27", "1", "1", "0", "0"],
  ["Rania Major", "180", "185", "177", "107", "145", "75", "34", "101", "122", "44", "18", "86", "85", "109", "83", "106", "33", "108", "104", "10", "24", "51", "20", "23", "14", "21", "19", "2", "0", "0", "1"],
  ["Wendi Barish", "195", "201", "100", "177", "90", "192", "93", "212", "44", "71", "86", "5", "84", "108", "45", "41", "77", "32", "41", "39", "29", "50", "53", "28", "47", "23", "11", "0", "1", "0", "0"],
  ["Crystal B Powell", "137", "116", "126", "110", "138", "123", "106", "97", "90", "79", "85", "84", "14", "31", "70", "18", "45", "29", "18", "52", "61", "64", "12", "44", "39", "20", "31", "0", "0", "0", "1"],
  ["Henry Mc Sias", "203", "207", "123", "83", "61", "118", "88", "113", "121", "57", "109", "108", "31", "7", "55", "132", "88", "105", "112", "22", "17", "27", "28", "25", "29", "13", "4", "2", "1", "0", "0"],
  ["Mark B Cohen", "143", "96", "100", "119", "90", "66", "103", "67", "81", "116", "83", "45", "70", "55", "27", "95", "47", "59", "52", "60", "69", "45", "54", "33", "27", "21", "31", "1", "0", "0", "0"],
  ["John Macoretta", "179", "146", "108", "88", "57", "47", "78", "45", "124", "81", "106", "41", "18", "132", "95", "4", "49", "114", "114", "59", "44", "14", "62", "17", "18", "12", "10", "2", "1", "0", "0"],
  ["Daniel R Sulman", "136", "152", "71", "76", "72", "101", "123", "86", "71", "60", "33", "77", "45", "88", "47", "49", "4", "34", "31", "57", "30", "19", "29", "57", "20", "17", "12", "1", "0", "1", "0"],
  ["Brian Mclaughlin", "124", "128", "112", "61", "65", "41", "35", "43", "121", "48", "108", "32", "29", "105", "59", "114", "34", "16", "116", "25", "12", "22", "23", "19", "27", "25", "18", "3", "1", "0", "1"],
  ["Lawrence J Bozzelli", "139", "137", "111", "60", "51", "45", "32", "46", "118", "47", "104", "41", "18", "112", "52", "114", "31", "116", "7", "21", "13", "13", "26", "10", "22", "19", "8", "1", "1", "0", "0"],
  ["David Conroy", "128", "82", "54", "90", "47", "68", "117", "33", "55", "95", "10", "39", "52", "22", "60", "59", "57", "25", "21", "0", "70", "18", "62", "30", "22", "20", "11", "0", "0", "1", "1"],
  ["Danyl S Patterson", "87", "46", "45", "71", "55", "46", "81", "31", "37", "68", "24", "29", "61", "17", "69", "44", "30", "12", "13", "70", "7", "24", "41", "30", "22", "15", "19", "0", "0", "0", "0"],
  ["Terri M Booker", "44", "61", "51", "65", "58", "69", "15", "67", "27", "47", "51", "50", "64", "27", "45", "14", "19", "22", "13", "18", "24", "6", "7", "13", "35", "22", "25", "0", "0", "1", "1"],
  ["Leonard Deutchman", "87", "63", "21", "89", "19", "47", "65", "58", "26", "77", "20", "53", "12", "28", "54", "62", "29", "23", "26", "62", "41", "7", "2", "19", "25", "18", "7", "0", "1", "0", "0"],
  ["Vincent Melchiorre", "69", "75", "64", "34", "53", "34", "74", "40", "55", "36", "23", "28", "44", "25", "33", "17", "57", "19", "10", "30", "30", "13", "19", "1", "9", "7", "9", "1", "1", "0", "0"],
  ["Mark J Moore", "43", "56", "35", "55", "32", "72", "29", "59", "22", "65", "14", "47", "39", "29", "27", "18", "20", "27", "22", "22", "22", "35", "25", "9", "1", "33", "22", "0", "0", "0", "1"],
  ["Jon Marshall", "28", "37", "22", "41", "24", "39", "21", "35", "16", "23", "21", "23", "20", "13", "21", "12", "17", "25", "19", "20", "15", "22", "18", "7", "33", "0", "22", "0", "0", "0", "1"],
  ["Bill Rice", "14", "18", "20", "28", "31", "28", "14", "19", "19", "27", "19", "11", "31", "4", "31", "10", "12", "18", "8", "11", "19", "25", "7", "9", "22", "22", "1", "0", "0", "0", "0"],
  ["Dawn M Tancredi", "1", "2", "2", "1", "2", "0", "1", "0", "1", "1", "2", "0", "0", "2", "1", "2", "1", "3", "1", "0", "0", "0", "0", "1", "0", "0", "0", "0", "2", "0", "0"],
  ["Matthew C Monroe", "0", "1", "1", "3", "1", "0", "2", "1", "0", "1", "0", "1", "0", "1", "0", "1", "0", "1", "1", "0", "0", "0", "1", "1", "0", "0", "0", "2", "0", "0", "0"],
  ["Betsy Wahl", "1", "1", "0", "0", "1", "1", "0", "0", "1", "0", "0", "0", "0", "0", "0", "0", "1", "0", "0", "1", "0", "1", "0", "0", "0", "0", "0", "0", "0", "0", "0"],
  ["Christian Dicicco", "0", "0", "0", "1", "0", "0", "0", "0", "0", "0", "1", "0", "1", "0", "0", "0", "0", "1", "0", "1", "0", "1", "0", "0", "1", "1", "0", "0", "0", "0", "0"],
  ["Total", "584", "579", "404", "398", "373", "363", "341", "336", "330", "309", "301", "299", "295", "294", "293", "247", "227", "225", "207", "178", "155", "141", "138", "125", "118", "79", "67", "4", "4", "1", "1"]
]
