[
  ["", "Shanese Johnson", "Deborah Canty", "Crystal B Powell", "Vikki Kristiansson", "Mark B Cohen", "Danyl S Patterson", "Deborah Cianfrani", "Leon Goodman", "Stella Tsai", "John Macoretta", "Zac Shaffer", "Rania Major", "Vincent Furlong", "David Conroy", "Lucretia C Clemons", "Lawrence J Bozzelli", "Wendi Barish", "Brian Mclaughlin", "Henry Mc Sias", "Jennifer Schultz", "Daniel R Sulman", "Vincent Melchiorre", "Terri M Booker", "Leonard Deutchman", "Mark J Moore", "Jon Marshall", "Bill Rice", "Dawn M Tancredi", "Christian Dicicco", "Matthew C Monroe", "Betsy Wahl", "Write In"],
  ["Shanese Johnson", "52", "189", "241", "142", "143", "177", "197", "122", "148", "105", "106", "153", "94", "78", "112", "96", "84", "68", "56", "86", "97", "100", "73", "20", "41", "37", "26", "1", "1", "1", "1", "1"],
  ["Deborah Canty", "189", "47", "180", "193", "189", "168", "114", "193", "108", "96", "144", "112", "74", "138", "97", "31", "107", "35", "37", "93", "46", "45", "65", "90", "29", "29", "30", "3", "1", "2", "1", "0"],
  ["Crystal B Powell", "241", "180", "32", "97", "125", "211", "141", "134", "86", "70", "112", "87", "59", "93", "127", "49", "83", "33", "37", "80", "77", "84", "93", "11", "54", "39", "33", "1", "0", "2", "0", "1"],
  ["Vikki Kristiansson", "142", "193", "97", "26", "180", "121", "161", "142", "157", "186", "130", "159", "125", "115", "61", "113", "69", "99", "110", "69", "38", "39", "32", "87", "25", "17", "8", "0", "1", "0", "1", "0"],
  ["Mark B Cohen", "143", "189", "125", "180", "31", "129", "104", "168", "79", "126", "136", "90", "94", "110", "62", "58", "53", "74", "48", "60", "32", "35", "48", "78", "36", "27", "32", "0", "1", "2", "0", "0"],
  ["Danyl S Patterson", "177", "168", "211", "121", "129", "20", "92", "154", "47", "109", "170", "46", "38", "151", "80", "34", "44", "23", "9", "25", "72", "89", "38", "64", "22", "19", "15", "0", "1", "1", "0", "0"],
  ["Deborah Cianfrani", "197", "114", "141", "161", "104", "92", "19", "72", "167", "136", "93", "150", "111", "43", "65", "131", "77", "99", "118", "82", "80", "77", "45", "19", "34", "21", "11", "1", "2", "0", "0", "0"],
  ["Leon Goodman", "122", "193", "134", "142", "168", "154", "72", "5", "66", "100", "145", "58", "70", "138", "83", "40", "84", "36", "49", "65", "51", "58", "49", "97", "56", "24", "29", "3", "0", "1", "0", "0"],
  ["Stella Tsai", "148", "108", "86", "157", "79", "47", "167", "66", "43", "99", "51", "150", "118", "40", "63", "101", "89", "94", "114", "71", "47", "39", "37", "18", "22", "19", "9", "0", "0", "0", "0", "0"],
  ["John Macoretta", "105", "96", "70", "186", "126", "109", "136", "100", "99", "8", "114", "103", "96", "78", "18", "133", "32", "90", "97", "25", "51", "52", "21", "74", "13", "11", "6", "1", "2", "0", "0", "0"],
  ["Zac Shaffer", "106", "144", "112", "130", "136", "170", "93", "145", "51", "114", "4", "38", "42", "125", "53", "49", "52", "21", "20", "38", "94", "109", "24", "82", "19", "17", "12", "3", "1", "1", "0", "0"],
  ["Rania Major", "153", "112", "87", "159", "90", "46", "150", "58", "150", "103", "38", "15", "128", "31", "63", "111", "62", "110", "100", "58", "36", "35", "45", "10", "20", "17", "18", "0", "0", "0", "0", "1"],
  ["Vincent Furlong", "94", "74", "59", "125", "94", "38", "111", "70", "118", "96", "42", "128", "8", "45", "41", "97", "39", "100", "100", "43", "29", "26", "21", "17", "17", "23", "23", "0", "0", "2", "0", "0"],
  ["David Conroy", "78", "138", "93", "115", "110", "151", "43", "138", "40", "78", "125", "31", "45", "4", "52", "13", "23", "22", "13", "18", "33", "35", "21", "64", "20", "18", "14", "0", "1", "2", "1", "0"],
  ["Lucretia C Clemons", "112", "97", "127", "61", "62", "80", "65", "83", "63", "18", "53", "63", "41", "52", "4", "20", "80", "29", "33", "71", "38", "43", "60", "10", "49", "25", "25", "1", "2", "0", "0", "1"],
  ["Lawrence J Bozzelli", "96", "31", "49", "113", "58", "34", "131", "40", "101", "133", "49", "111", "97", "13", "20", "4", "25", "100", "100", "18", "52", "44", "10", "14", "13", "10", "12", "0", "0", "0", "1", "0"],
  ["Wendi Barish", "84", "107", "83", "69", "53", "44", "77", "84", "89", "32", "52", "62", "39", "23", "80", "25", "3", "20", "36", "94", "48", "44", "43", "25", "38", "19", "14", "3", "2", "0", "0", "1"],
  ["Brian Mclaughlin", "68", "35", "33", "99", "74", "23", "99", "36", "94", "90", "21", "110", "100", "22", "29", "100", "20", "12", "85", "19", "23", "16", "12", "10", "20", "12", "14", "0", "2", "0", "1", "0"],
  ["Henry Mc Sias", "56", "37", "37", "110", "48", "9", "118", "49", "114", "97", "20", "100", "100", "13", "33", "100", "36", "85", "2", "33", "19", "18", "26", "12", "20", "8", "6", "0", "1", "0", "0", "0"],
  ["Jennifer Schultz", "86", "93", "80", "69", "60", "25", "82", "65", "71", "25", "38", "58", "43", "18", "71", "18", "94", "19", "33", "5", "32", "25", "45", "23", "30", "10", "12", "4", "1", "0", "0", "0"],
  ["Daniel R Sulman", "97", "46", "77", "38", "32", "72", "80", "51", "47", "51", "94", "36", "29", "33", "38", "52", "48", "23", "19", "32", "4", "92", "17", "18", "12", "14", "7", "2", "1", "0", "0", "1"],
  ["Vincent Melchiorre", "100", "45", "84", "39", "35", "89", "77", "58", "39", "52", "109", "35", "26", "35", "43", "44", "44", "16", "18", "25", "92", "1", "9", "21", "10", "18", "11", "3", "1", "0", "0", "0"],
  ["Terri M Booker", "73", "65", "93", "32", "48", "38", "45", "49", "37", "21", "24", "45", "21", "21", "60", "10", "43", "12", "26", "45", "17", "9", "3", "6", "32", "20", "24", "1", "0", "1", "0", "1"],
  ["Leonard Deutchman", "20", "90", "11", "87", "78", "64", "19", "97", "18", "74", "82", "10", "17", "64", "10", "14", "25", "10", "12", "23", "18", "21", "6", "1", "4", "7", "8", "3", "0", "0", "0", "0"],
  ["Mark J Moore", "41", "29", "54", "25", "36", "22", "34", "56", "22", "13", "19", "20", "17", "20", "49", "13", "38", "20", "20", "30", "12", "10", "32", "4", "4", "17", "16", "0", "1", "0", "1", "0"],
  ["Jon Marshall", "37", "29", "39", "17", "27", "19", "21", "24", "19", "11", "17", "17", "23", "18", "25", "10", "19", "12", "8", "10", "14", "18", "20", "7", "17", "2", "18", "0", "2", "0", "0", "1"],
  ["Bill Rice", "26", "30", "33", "8", "32", "15", "11", "29", "9", "6", "12", "18", "23", "14", "25", "12", "14", "14", "6", "12", "7", "11", "24", "8", "16", "18", "1", "1", "0", "1", "0", "0"],
  ["Dawn M Tancredi", "1", "3", "1", "0", "0", "0", "1", "3", "0", "1", "3", "0", "0", "0", "1", "0", "3", "0", "0", "4", "2", "3", "1", "3", "0", "0", "1", "0", "0", "0", "0", "0"],
  ["Christian Dicicco", "1", "1", "0", "1", "1", "1", "2", "0", "0", "2", "1", "0", "0", "1", "2", "0", "2", "2", "1", "1", "1", "1", "0", "0", "1", "2", "0", "0", "0", "0", "0", "0"],
  ["Matthew C Monroe", "1", "2", "2", "0", "2", "1", "0", "1", "0", "0", "1", "0", "2", "2", "0", "0", "0", "0", "0", "0", "0", "0", "1", "0", "0", "0", "1", "0", "0", "0", "0", "0"],
  ["Betsy Wahl", "1", "1", "0", "1", "0", "0", "0", "0", "0", "0", "0", "0", "0", "1", "0", "1", "0", "1", "0", "0", "0", "0", "0", "0", "1", "0", "0", "0", "0", "0", "0", "0"],
  ["Write In", "1", "0", "1", "0", "0", "0", "0", "0", "0", "0", "0", "1", "0", "0", "1", "0", "1", "0", "0", "0", "1", "0", "1", "0", "0", "1", "0", "0", "0", "0", "0", "0"],
  ["Total", "496", "444", "432", "417", "384", "364", "362", "344", "326", "296", "293", "292", "237", "217", "215", "202", "197", "186", "175", "175", "174", "174", "136", "125", "97", "70", "60", "4", "3", "2", "1", "1"]
]
