[
  ["", "Marissa Brumbach", "Matt Wolf", "George Twardy", "Sherman Toppin", "Jon Marshall", "Bill Rice", "Betsy Wahl", "Crystal B Powell", "Write In"],
  ["Marissa Brumbach", "  727", "810", "565", "302", "202", "51", "0", "0", "0"],
  ["Matt Wolf", "  810", "225", "84", "52", "98", "31", "1", "0", "1"],
  ["George Twardy", "  565", "84", "49", "45", "43", "9", "0", "0", "0"],
  ["Sherman Toppin", "  302", "52", "45", "183", "26", "22", "0", "0", "0"],
  ["Jon Marshall", "  202", "98", "43", "26", "62", "10", "0", "0", "0"],
  ["Bill Rice", "   51", "31", "9", "22", "10", "19", "0", "0", "0"],
  ["Betsy Wahl", "    0", "1", "0", "0", "0", "0", "0", "0", "0"],
  ["Crystal B Powell", "    0", "0", "0", "0", "0", "0", "0", "1", "0"],
  ["Write In", "    0", "1", "0", "0", "0", "0", "0", "0", "0"],
  ["Total", "2,657", "1,302", "795", "630", "441", "142", "1", "1", "1"]
]
