[
  ["", "Marissa Brumbach", "Matt Wolf", "George Twardy", "Bill Rice", "Jon Marshall", "Sherman Toppin", "Christian Dicicco", "Crystal B Powell", "Write In"],
  ["Marissa Brumbach", "107", "129", "203", "49", "33", "44", "1", "0", "0"],
  ["Matt Wolf", "129", "100", "43", "25", "45", "14", "1", "2", "0"],
  ["George Twardy", "203", "43", "33", "15", "14", "21", "0", "0", "0"],
  ["Bill Rice", "49", "25", "15", "68", "14", "12", "1", "0", "1"],
  ["Jon Marshall", "33", "45", "14", "14", "20", "13", "0", "0", "0"],
  ["Sherman Toppin", "44", "14", "21", "12", "13", "32", "0", "0", "0"],
  ["Christian Dicicco", "1", "1", "0", "1", "0", "0", "1", "0", "0"],
  ["Crystal B Powell", "0", "2", "0", "0", "0", "0", "0", "0", "0"],
  ["Write In", "0", "0", "0", "1", "0", "0", "0", "0", "0"],
  ["Total", "566", "359", "329", "185", "139", "136", "4", "2", "1"]
]
