[
  ["", "Marissa Brumbach", "Matt Wolf", "George Twardy", "Jon Marshall", "Bill Rice", "Sherman Toppin", "Betsy Wahl"],
  ["Marissa Brumbach", "223", "279", "223", "86", "45", "47", "0"],
  ["Matt Wolf", "279", "159", "51", "65", "28", "23", "1"],
  ["George Twardy", "223", "51", "43", "16", "11", "6", "0"],
  ["Jon Marshall", "86", "65", "16", "19", "17", "10", "0"],
  ["Bill Rice", "45", "28", "11", "17", "24", "3", "0"],
  ["Sherman Toppin", "47", "23", "6", "10", "3", "19", "0"],
  ["Betsy Wahl", "0", "1", "0", "0", "0", "0", "0"],
  ["Total", "903", "606", "350", "213", "128", "108", "1"]
]
