[
  ["", "Marissa Brumbach", "Matt Wolf", "Sherman Toppin", "George Twardy", "Jon Marshall", "Bill Rice", "Betsy Wahl"],
  ["Marissa Brumbach", "115", "177", "65", "101", "48", "15", "0"],
  ["Matt Wolf", "177", "147", "35", "38", "40", "19", "0"],
  ["Sherman Toppin", "65", "35", "91", "29", "25", "8", "1"],
  ["George Twardy", "101", "38", "29", "43", "11", "3", "0"],
  ["Jon Marshall", "48", "40", "25", "11", "54", "19", "0"],
  ["Bill Rice", "15", "19", "8", "3", "19", "16", "0"],
  ["Betsy Wahl", "0", "0", "1", "0", "0", "0", "0"],
  ["Total", "521", "456", "254", "225", "197", "80", "1"]
]
