[
  ["", "Vikki Kristiansson", "Stella Tsai", "Lucretia C Clemons", "Wendi Barish", "Jennifer Schultz", "Henry Mc Sias", "Deborah Canty", "Leon Goodman", "Zac Shaffer", "Deborah Cianfrani", "Daniel R Sulman", "John Macoretta", "Lawrence J Bozzelli", "Mark B Cohen", "Shanese Johnson", "Vincent Furlong", "Rania Major", "Brian Mclaughlin", "David Conroy", "Leonard Deutchman", "Vincent Melchiorre", "Crystal B Powell", "Mark J Moore", "Terri M Booker", "Danyl S Patterson", "Jon Marshall", "Bill Rice", "Christian Dicicco", "Dawn M Tancredi", "Write In", "Betsy Wahl", "Matthew C Monroe"],
  ["Vikki Kristiansson", "  245", "1,497", "1,094", "851", "806", "847", "701", "706", "687", "673", "614", "654", "495", "393", "461", "426", "456", "390", "351", "273", "255", "259", "183", "169", "178", "120", "51", "2", "3", "2", "2", "1"],
  ["Stella Tsai", "1,497", "61", "903", "776", "769", "663", "641", "463", "607", "647", "596", "412", "432", "283", "445", "335", "418", "334", "295", "214", "229", "245", "164", "155", "164", "93", "31", "1", "1", "2", "1", "1"],
  ["Lucretia C Clemons", "1,094", "903", "11", "615", "557", "598", "502", "494", "469", "259", "398", "358", "214", "160", "223", "147", "176", "118", "240", "176", "121", "223", "168", "114", "113", "84", "27", "2", "1", "2", "1", "1"],
  ["Wendi Barish", "  851", "776", "615", "14", "673", "358", "608", "315", "329", "312", "281", "196", "253", "180", "228", "149", "249", "149", "158", "182", "81", "181", "141", "135", "44", "81", "26", "1", "1", "0", "1", "1"],
  ["Jennifer Schultz", "  806", "769", "557", "673", "5", "325", "588", "265", "281", "357", "249", "185", "209", "205", "241", "129", "268", "164", "117", "160", "76", "193", "153", "138", "41", "81", "30", "2", "2", "3", "1", "1"],
  ["Henry Mc Sias", "  847", "663", "598", "358", "325", "11", "260", "421", "321", "213", "322", "454", "283", "181", "104", "244", "168", "234", "94", "90", "76", "51", "96", "33", "55", "48", "19", "1", "1", "2", "0", "0"],
  ["Deborah Canty", "  701", "641", "502", "608", "588", "260", "4", "254", "208", "301", "192", "169", "227", "156", "237", "151", "233", "149", "140", "154", "65", "179", "136", "123", "48", "86", "24", "2", "0", "0", "1", "1"],
  ["Leon Goodman", "  706", "463", "494", "315", "265", "421", "254", "12", "304", "122", "239", "369", "197", "189", "89", "192", "101", "149", "152", "157", "77", "64", "116", "45", "40", "65", "24", "0", "0", "0", "0", "0"],
  ["Zac Shaffer", "  687", "607", "469", "329", "281", "321", "208", "304", "4", "202", "421", "163", "157", "203", "166", "110", "120", "124", "251", "114", "210", "87", "108", "42", "127", "70", "23", "0", "1", "3", "0", "1"],
  ["Deborah Cianfrani", "  673", "647", "259", "312", "357", "213", "301", "122", "202", "18", "206", "213", "226", "218", "402", "218", "369", "224", "128", "49", "180", "206", "30", "128", "107", "38", "32", "2", "2", "0", "0", "0"],
  ["Daniel R Sulman", "  614", "596", "398", "281", "249", "322", "192", "239", "421", "206", "12", "174", "167", "148", "167", "121", "90", "128", "220", "107", "195", "69", "68", "30", "131", "42", "34", "0", "0", "0", "0", "0"],
  ["John Macoretta", "  654", "412", "358", "196", "185", "454", "169", "369", "163", "213", "174", "4", "305", "167", "97", "246", "195", "237", "103", "119", "74", "38", "67", "31", "27", "44", "22", "0", "1", "0", "0", "0"],
  ["Lawrence J Bozzelli", "  495", "432", "214", "253", "209", "283", "227", "197", "157", "226", "167", "305", "4", "159", "79", "277", "211", "274", "114", "155", "68", "26", "70", "30", "27", "53", "25", "0", "1", "2", "1", "0"],
  ["Mark B Cohen", "  393", "283", "160", "180", "205", "181", "156", "189", "203", "218", "148", "167", "159", "32", "142", "160", "201", "167", "58", "79", "90", "73", "33", "56", "57", "42", "37", "0", "0", "1", "1", "0"],
  ["Shanese Johnson", "  461", "445", "223", "228", "241", "104", "237", "89", "166", "402", "167", "97", "79", "142", "13", "112", "242", "92", "107", "21", "143", "176", "16", "88", "108", "19", "13", "2", "0", "1", "1", "0"],
  ["Vincent Furlong", "  426", "335", "147", "149", "129", "244", "151", "192", "110", "218", "121", "246", "277", "160", "112", "12", "189", "269", "96", "105", "81", "38", "57", "35", "23", "56", "33", "0", "0", "1", "0", "0"],
  ["Rania Major", "  456", "418", "176", "249", "268", "168", "233", "101", "120", "369", "90", "195", "211", "201", "242", "189", "5", "171", "31", "64", "59", "130", "25", "87", "33", "29", "18", "1", "1", "0", "0", "0"],
  ["Brian Mclaughlin", "  390", "334", "118", "149", "164", "234", "149", "149", "124", "224", "128", "237", "274", "167", "92", "269", "171", "23", "82", "70", "68", "33", "66", "31", "30", "58", "31", "0", "0", "0", "0", "0"],
  ["David Conroy", "  351", "295", "240", "158", "117", "94", "140", "152", "251", "128", "220", "103", "114", "58", "107", "96", "31", "82", "2", "115", "129", "65", "61", "30", "106", "46", "26", "0", "0", "0", "1", "0"],
  ["Leonard Deutchman", "  273", "214", "176", "182", "160", "90", "154", "157", "114", "49", "107", "119", "155", "79", "21", "105", "64", "70", "115", "4", "41", "18", "70", "17", "24", "48", "20", "0", "0", "2", "0", "0"],
  ["Vincent Melchiorre", "  255", "229", "121", "81", "76", "76", "65", "77", "210", "180", "195", "74", "68", "90", "143", "81", "59", "68", "129", "41", "5", "58", "28", "22", "84", "24", "21", "0", "0", "1", "0", "0"],
  ["Crystal B Powell", "  259", "245", "223", "181", "193", "51", "179", "64", "87", "206", "69", "38", "26", "73", "176", "38", "130", "33", "65", "18", "58", "2", "36", "112", "77", "28", "24", "1", "0", "1", "0", "0"],
  ["Mark J Moore", "  183", "164", "168", "141", "153", "96", "136", "116", "108", "30", "68", "67", "70", "33", "16", "57", "25", "66", "61", "70", "28", "36", "0", "26", "15", "65", "16", "0", "0", "0", "0", "1"],
  ["Terri M Booker", "  169", "155", "114", "135", "138", "33", "123", "45", "42", "128", "30", "31", "30", "56", "88", "35", "87", "31", "30", "17", "22", "112", "26", "0", "27", "27", "25", "1", "0", "0", "1", "0"],
  ["Danyl S Patterson", "  178", "164", "113", "44", "41", "55", "48", "40", "127", "107", "131", "27", "27", "57", "108", "23", "33", "30", "106", "24", "84", "77", "15", "27", "3", "14", "16", "0", "0", "0", "0", "0"],
  ["Jon Marshall", "  120", "93", "84", "81", "81", "48", "86", "65", "70", "38", "42", "44", "53", "42", "19", "56", "29", "58", "46", "48", "24", "28", "65", "27", "14", "1", "15", "0", "0", "0", "0", "0"],
  ["Bill Rice", "   51", "31", "27", "26", "30", "19", "24", "24", "23", "32", "34", "22", "25", "37", "13", "33", "18", "31", "26", "20", "21", "24", "16", "25", "16", "15", "2", "0", "0", "1", "0", "0"],
  ["Christian Dicicco", "    2", "1", "2", "1", "2", "1", "2", "0", "0", "2", "0", "0", "0", "0", "2", "0", "1", "0", "0", "0", "0", "1", "0", "1", "0", "0", "0", "0", "1", "0", "0", "0"],
  ["Dawn M Tancredi", "    3", "1", "1", "1", "2", "1", "0", "0", "1", "2", "0", "1", "1", "0", "0", "0", "1", "0", "0", "0", "0", "0", "0", "0", "0", "0", "0", "1", "0", "0", "0", "0"],
  ["Write In", "    2", "2", "2", "0", "3", "2", "0", "0", "3", "0", "0", "0", "2", "1", "1", "1", "0", "0", "0", "2", "1", "1", "0", "0", "0", "0", "1", "0", "0", "0", "0", "0"],
  ["Betsy Wahl", "    2", "1", "1", "1", "1", "0", "1", "0", "0", "0", "0", "0", "1", "1", "1", "0", "0", "0", "1", "0", "0", "0", "0", "1", "0", "0", "0", "0", "0", "0", "0", "0"],
  ["Matthew C Monroe", "    1", "1", "1", "1", "1", "0", "1", "0", "1", "0", "0", "0", "0", "0", "0", "0", "0", "0", "0", "0", "0", "0", "1", "0", "0", "0", "0", "0", "0", "0", "0", "0"],
  ["Total", "2,408", "1,833", "1,312", "1,070", "1,038", "1,006", "895", "879", "877", "866", "773", "760", "659", "626", "596", "588", "585", "582", "459", "372", "370", "365", "272", "232", "231", "187", "98", "3", "3", "3", "2", "1"]
]
