[
  ["", "Vikki Kristiansson", "Shanese Johnson", "Lucretia C Clemons", "Zac Shaffer", "Vincent Furlong", "David Conroy", "Vincent Melchiorre", "Stella Tsai", "Deborah Cianfrani", "Deborah Canty", "Mark B Cohen", "Leon Goodman", "Rania Major", "Crystal B Powell", "John Macoretta", "Danyl S Patterson", "Brian Mclaughlin", "Lawrence J Bozzelli", "Terri M Booker", "Jennifer Schultz", "Henry Mc Sias", "Wendi Barish", "Daniel R Sulman", "Leonard Deutchman", "Mark J Moore", "Jon Marshall", "Bill Rice", "Dawn M Tancredi", "Matthew C Monroe", "Christian Dicicco", "Betsy Wahl"],
  ["Vikki Kristiansson", "   51", "641", "502", "590", "759", "526", "393", "398", "364", "398", "332", "334", "387", "229", "375", "214", "233", "252", "131", "166", "237", "125", "95", "124", "40", "49", "28", "2", "2", "0", "0"],
  ["Shanese Johnson", "  641", "89", "569", "476", "605", "417", "443", "358", "382", "319", "261", "222", "311", "281", "159", "177", "170", "142", "190", "188", "122", "150", "120", "49", "82", "70", "53", "4", "0", "1", "0"],
  ["Lucretia C Clemons", "  502", "569", "16", "627", "430", "758", "578", "231", "230", "228", "177", "227", "160", "281", "64", "218", "88", "43", "184", "135", "71", "127", "124", "37", "110", "68", "50", "1", "1", "2", "1"],
  ["Zac Shaffer", "  590", "476", "627", "31", "459", "703", "676", "198", "175", "309", "263", "316", "132", "216", "152", "273", "99", "70", "99", "97", "48", "95", "180", "131", "49", "40", "30", "1", "1", "2", "0"],
  ["Vincent Furlong", "  759", "605", "430", "459", "47", "438", "398", "321", "323", "234", "270", "205", "322", "164", "266", "125", "245", "234", "117", "92", "243", "71", "71", "49", "32", "46", "46", "2", "1", "1", "0"],
  ["David Conroy", "  526", "417", "758", "703", "438", "9", "551", "156", "138", "236", "223", "245", "87", "203", "127", "277", "84", "45", "99", "58", "28", "48", "108", "99", "56", "34", "45", "1", "1", "1", "0"],
  ["Vincent Melchiorre", "  393", "443", "578", "676", "398", "551", "22", "160", "158", "158", "130", "161", "102", "145", "71", "167", "81", "62", "96", "75", "34", "86", "155", "56", "52", "38", "31", "1", "1", "1", "0"],
  ["Stella Tsai", "  398", "358", "231", "198", "321", "156", "160", "88", "452", "224", "204", "178", "360", "160", "267", "119", "228", "251", "102", "169", "251", "171", "163", "43", "45", "51", "31", "3", "3", "1", "1"],
  ["Deborah Cianfrani", "  364", "382", "230", "175", "323", "138", "158", "452", "40", "218", "201", "188", "361", "186", "260", "105", "231", "253", "133", "180", "266", "149", "127", "39", "64", "50", "28", "2", "1", "0", "1"],
  ["Deborah Canty", "  398", "319", "228", "309", "234", "236", "158", "224", "218", "39", "344", "330", "195", "272", "171", "223", "107", "91", "166", "219", "64", "175", "108", "147", "66", "53", "41", "1", "2", "1", "0"],
  ["Mark B Cohen", "  332", "261", "177", "263", "270", "223", "130", "204", "201", "344", "79", "286", "211", "195", "213", "173", "164", "138", "120", "131", "113", "80", "83", "124", "63", "59", "52", "1", "0", "0", "0"],
  ["Leon Goodman", "  334", "222", "227", "316", "205", "245", "161", "178", "188", "330", "286", "21", "156", "235", "200", "220", "91", "109", "130", "139", "116", "133", "119", "152", "96", "46", "34", "4", "3", "0", "0"],
  ["Rania Major", "  387", "311", "160", "132", "322", "87", "102", "360", "361", "195", "211", "156", "47", "140", "241", "87", "241", "253", "100", "134", "227", "104", "72", "38", "40", "43", "28", "0", "2", "0", "0"],
  ["Crystal B Powell", "  229", "281", "281", "216", "164", "203", "145", "160", "186", "272", "195", "235", "140", "29", "47", "206", "55", "39", "193", "142", "57", "110", "64", "25", "106", "64", "52", "0", "0", "0", "0"],
  ["John Macoretta", "  375", "159", "64", "152", "266", "127", "71", "267", "260", "171", "213", "200", "241", "47", "26", "100", "197", "255", "50", "61", "227", "51", "53", "119", "26", "23", "21", "2", "2", "0", "0"],
  ["Danyl S Patterson", "  214", "177", "218", "273", "125", "277", "167", "119", "105", "223", "173", "220", "87", "206", "100", "20", "49", "25", "81", "46", "22", "44", "84", "79", "62", "42", "30", "0", "0", "1", "1"],
  ["Brian Mclaughlin", "  233", "170", "88", "99", "245", "84", "81", "228", "231", "107", "164", "91", "241", "55", "197", "49", "33", "209", "58", "67", "191", "45", "55", "37", "32", "31", "24", "1", "0", "1", "1"],
  ["Lawrence J Bozzelli", "  252", "142", "43", "70", "234", "45", "62", "251", "253", "91", "138", "109", "253", "39", "255", "25", "209", "28", "35", "59", "222", "49", "44", "30", "24", "22", "19", "1", "1", "1", "0"],
  ["Terri M Booker", "  131", "190", "184", "99", "117", "99", "96", "102", "133", "166", "120", "130", "100", "193", "50", "81", "58", "35", "32", "103", "53", "94", "47", "30", "74", "57", "54", "1", "1", "0", "0"],
  ["Jennifer Schultz", "  166", "188", "135", "97", "92", "58", "75", "169", "180", "219", "131", "139", "134", "142", "61", "46", "67", "59", "103", "13", "65", "164", "83", "58", "47", "35", "24", "2", "1", "0", "1"],
  ["Henry Mc Sias", "  237", "122", "71", "48", "243", "28", "34", "251", "266", "64", "113", "116", "227", "57", "227", "22", "191", "222", "53", "65", "8", "63", "45", "35", "41", "22", "12", "2", "1", "0", "1"],
  ["Wendi Barish", "  125", "150", "127", "95", "71", "48", "86", "171", "149", "175", "80", "133", "104", "110", "51", "44", "45", "49", "94", "164", "63", "8", "87", "40", "44", "27", "17", "0", "1", "0", "1"],
  ["Daniel R Sulman", "   95", "120", "124", "180", "71", "108", "155", "163", "127", "108", "83", "119", "72", "64", "53", "84", "55", "44", "47", "83", "45", "87", "7", "53", "24", "26", "17", "2", "2", "1", "0"],
  ["Leonard Deutchman", "  124", "49", "37", "131", "49", "99", "56", "43", "39", "147", "124", "152", "38", "25", "119", "79", "37", "30", "30", "58", "35", "40", "53", "3", "22", "12", "13", "2", "1", "0", "0"],
  ["Mark J Moore", "   40", "82", "110", "49", "32", "56", "52", "45", "64", "66", "63", "96", "40", "106", "26", "62", "32", "24", "74", "47", "41", "44", "24", "22", "5", "35", "33", "0", "1", "0", "0"],
  ["Jon Marshall", "   49", "70", "68", "40", "46", "34", "38", "51", "50", "53", "59", "46", "43", "64", "23", "42", "31", "22", "57", "35", "22", "27", "26", "12", "35", "0", "33", "1", "0", "1", "0"],
  ["Bill Rice", "   28", "53", "50", "30", "46", "45", "31", "31", "28", "41", "52", "34", "28", "52", "21", "30", "24", "19", "54", "24", "12", "17", "17", "13", "33", "33", "2", "1", "0", "0", "0"],
  ["Dawn M Tancredi", "    2", "4", "1", "1", "2", "1", "1", "3", "2", "1", "1", "4", "0", "0", "2", "0", "1", "1", "1", "2", "2", "0", "2", "2", "0", "1", "1", "0", "0", "0", "0"],
  ["Matthew C Monroe", "    2", "0", "1", "1", "1", "1", "1", "3", "1", "2", "0", "3", "2", "0", "2", "0", "0", "1", "1", "1", "1", "1", "2", "1", "1", "0", "0", "0", "0", "0", "0"],
  ["Christian Dicicco", "    0", "1", "2", "2", "1", "1", "1", "1", "0", "1", "0", "0", "0", "0", "0", "1", "1", "1", "0", "0", "0", "0", "1", "0", "0", "1", "0", "0", "0", "0", "0"],
  ["Betsy Wahl", "    0", "0", "1", "0", "0", "0", "0", "1", "1", "0", "0", "0", "0", "0", "0", "1", "1", "0", "0", "1", "1", "1", "0", "0", "0", "0", "0", "0", "0", "0", "0"],
  ["Total", "1,299", "1,212", "1,150", "1,123", "1,110", "1,037", "905", "843", "788", "777", "763", "686", "675", "598", "555", "498", "478", "447", "418", "401", "395", "332", "328", "231", "202", "151", "118", "5", "4", "3", "1"]
]
