[
  ["", "Marissa Brumbach", "Matt Wolf", "Sherman Toppin", "George Twardy", "Jon Marshall", "Bill Rice", "Betsy Wahl", "Christian Dicicco", "Crystal B Powell"],
  ["Marissa Brumbach", "173", "318", "103", "185", "47", "31", "1", "0", "0"],
  ["Matt Wolf", "318", "213", "68", "58", "62", "25", "0", "0", "0"],
  ["Sherman Toppin", "103", "68", "105", "36", "27", "20", "0", "0", "0"],
  ["George Twardy", "185", "58", "36", "51", "14", "5", "0", "0", "0"],
  ["Jon Marshall", "47", "62", "27", "14", "50", "26", "0", "0", "0"],
  ["Bill Rice", "31", "25", "20", "5", "26", "20", "0", "0", "1"],
  ["Betsy Wahl", "1", "0", "0", "0", "0", "0", "0", "0", "0"],
  ["Christian Dicicco", "0", "0", "0", "0", "0", "0", "0", "1", "0"],
  ["Crystal B Powell", "0", "0", "0", "0", "0", "1", "0", "0", "0"],
  ["Total", "858", "744", "359", "349", "226", "128", "1", "1", "1"]
]
