[
  ["", "Ellen Ceisler", "Joe Cosgrove", "Timothy Barry", "Todd Eagen", "Irene M Clark", "Bryan Barbin"],
  ["Ellen Ceisler", "  931", "766", "466", "606", "413", "39"],
  ["Joe Cosgrove", "  766", "290", "288", "96", "20", "22"],
  ["Timothy Barry", "  466", "288", "170", "35", "15", "13"],
  ["Todd Eagen", "  606", "96", "35", "69", "17", "4"],
  ["Irene M Clark", "  413", "20", "15", "17", "25", "11"],
  ["Bryan Barbin", "   39", "22", "13", "4", "11", "8"],
  ["Total", "3,221", "1,482", "987", "827", "501", "97"]
]
