[
  ["", "Marissa Brumbach", "Matt Wolf", "George Twardy", "Jon Marshall", "Sherman Toppin", "Bill Rice", "Betsy Wahl"],
  ["Marissa Brumbach", "  260", "395", "271", "76", "81", "42", "0"],
  ["Matt Wolf", "  395", "257", "100", "81", "43", "43", "0"],
  ["George Twardy", "  271", "100", "77", "21", "17", "7", "0"],
  ["Jon Marshall", "   76", "81", "21", "36", "13", "19", "1"],
  ["Sherman Toppin", "   81", "43", "17", "13", "22", "13", "0"],
  ["Bill Rice", "   42", "43", "7", "19", "13", "38", "0"],
  ["Betsy Wahl", "    0", "0", "0", "1", "0", "0", "1"],
  ["Total", "1,125", "919", "493", "247", "189", "162", "2"]
]
