[
  ["", "Mark B Cohen", "Shanese Johnson", "Stella Tsai", "Deborah Cianfrani", "Vikki Kristiansson", "Vincent Furlong", "Rania Major", "Leon Goodman", "Lucretia C Clemons", "Crystal B Powell", "Daniel R Sulman", "Zac Shaffer", "Deborah Canty", "John Macoretta", "Brian Mclaughlin", "Henry Mc Sias", "Jennifer Schultz", "Lawrence J Bozzelli", "Danyl S Patterson", "David Conroy", "Terri M Booker", "Wendi Barish", "Vincent Melchiorre", "Mark J Moore", "Jon Marshall", "Bill Rice", "Leonard Deutchman", "Matthew C Monroe", "Christian Dicicco", "Dawn M Tancredi"],
  ["Mark B Cohen", "43", "109", "81", "86", "81", "132", "82", "63", "60", "72", "100", "63", "80", "53", "69", "45", "64", "41", "40", "23", "44", "35", "31", "33", "21", "23", "16", "1", "2", "0"],
  ["Shanese Johnson", "109", "29", "115", "145", "114", "76", "98", "97", "114", "105", "68", "96", "77", "46", "59", "53", "56", "45", "61", "74", "50", "34", "46", "27", "23", "19", "13", "1", "0", "0"],
  ["Stella Tsai", "81", "115", "42", "151", "115", "98", "117", "57", "63", "48", "68", "66", "62", "94", "89", "88", "68", "85", "46", "48", "33", "44", "46", "19", "14", "11", "13", "2", "1", "0"],
  ["Deborah Cianfrani", "86", "145", "151", "11", "146", "113", "124", "80", "86", "70", "59", "83", "56", "90", "86", "94", "44", "89", "41", "64", "28", "42", "40", "17", "18", "17", "17", "3", "1", "0"],
  ["Vikki Kristiansson", "81", "114", "115", "146", "15", "103", "112", "77", "75", "61", "36", "65", "63", "100", "75", "90", "52", "80", "21", "50", "26", "32", "13", "16", "12", "12", "7", "1", "2", "0"],
  ["Vincent Furlong", "132", "76", "98", "113", "103", "12", "103", "39", "27", "28", "71", "35", "39", "92", "88", "95", "29", "88", "19", "17", "21", "23", "21", "16", "13", "12", "14", "2", "1", "0"],
  ["Rania Major", "82", "98", "117", "124", "112", "103", "13", "49", "31", "42", "32", "24", "61", "92", "89", "89", "43", "90", "19", "14", "26", "29", "11", "19", "12", "16", "9", "2", "0", "0"],
  ["Leon Goodman", "63", "97", "57", "80", "77", "39", "49", "7", "76", "79", "49", "86", "49", "25", "25", "23", "51", "19", "31", "60", "34", "47", "21", "26", "23", "17", "21", "1", "1", "0"],
  ["Lucretia C Clemons", "60", "114", "63", "86", "75", "27", "31", "76", "6", "94", "50", "84", "53", "17", "17", "14", "43", "8", "60", "79", "36", "40", "42", "27", "11", "14", "11", "1", "0", "0"],
  ["Crystal B Powell", "72", "105", "48", "70", "61", "28", "42", "79", "94", "4", "40", "72", "62", "11", "20", "6", "36", "8", "52", "64", "46", "29", "25", "27", "21", "21", "5", "1", "2", "0"],
  ["Daniel R Sulman", "100", "68", "68", "59", "36", "71", "32", "49", "50", "40", "6", "71", "41", "24", "19", "16", "29", "8", "46", "44", "24", "27", "52", "15", "13", "13", "16", "0", "0", "0"],
  ["Zac Shaffer", "63", "96", "66", "83", "65", "35", "24", "86", "84", "72", "71", "4", "42", "19", "29", "21", "33", "13", "61", "74", "24", "34", "60", "12", "17", "9", "18", "1", "1", "0"],
  ["Deborah Canty", "80", "77", "62", "56", "63", "39", "61", "49", "53", "62", "41", "42", "10", "26", "31", "21", "64", "22", "29", "23", "35", "48", "24", "27", "16", "16", "18", "2", "1", "0"],
  ["John Macoretta", "53", "46", "94", "90", "100", "92", "92", "25", "17", "11", "24", "19", "26", "11", "83", "89", "32", "84", "8", "5", "17", "16", "9", "16", "10", "8", "9", "0", "0", "0"],
  ["Brian Mclaughlin", "69", "59", "89", "86", "75", "88", "89", "25", "17", "20", "19", "29", "31", "83", "9", "80", "30", "77", "8", "10", "15", "17", "10", "16", "11", "10", "11", "1", "0", "0"],
  ["Henry Mc Sias", "45", "53", "88", "94", "90", "95", "89", "23", "14", "6", "16", "21", "21", "89", "80", "1", "26", "79", "3", "3", "8", "15", "2", "13", "9", "5", "7", "1", "0", "0"],
  ["Jennifer Schultz", "64", "56", "68", "44", "52", "29", "43", "51", "43", "36", "29", "33", "64", "32", "30", "26", "3", "22", "10", "11", "29", "52", "19", "21", "13", "10", "20", "1", "0", "1"],
  ["Lawrence J Bozzelli", "41", "45", "85", "89", "80", "88", "90", "19", "8", "8", "8", "13", "22", "84", "77", "79", "22", "6", "5", "4", "13", "19", "10", "5", "12", "5", "9", "0", "0", "0"],
  ["Danyl S Patterson", "40", "61", "46", "41", "21", "19", "19", "31", "60", "52", "46", "61", "29", "8", "8", "3", "10", "5", "10", "48", "18", "12", "43", "7", "10", "7", "5", "0", "1", "0"],
  ["David Conroy", "23", "74", "48", "64", "50", "17", "14", "60", "79", "64", "44", "74", "23", "5", "10", "3", "11", "4", "48", "0", "12", "14", "38", "7", "6", "6", "9", "0", "1", "0"],
  ["Terri M Booker", "44", "50", "33", "28", "26", "21", "26", "34", "36", "46", "24", "24", "35", "17", "15", "8", "29", "13", "18", "12", "14", "23", "16", "29", "11", "23", "4", "0", "1", "0"],
  ["Wendi Barish", "35", "34", "44", "42", "32", "23", "29", "47", "40", "29", "27", "34", "48", "16", "17", "15", "52", "19", "12", "14", "23", "2", "20", "15", "10", "9", "15", "2", "0", "0"],
  ["Vincent Melchiorre", "31", "46", "46", "40", "13", "21", "11", "21", "42", "25", "52", "60", "24", "9", "10", "2", "19", "10", "43", "38", "16", "20", "0", "5", "5", "6", "13", "0", "0", "0"],
  ["Mark J Moore", "33", "27", "19", "17", "16", "16", "19", "26", "27", "27", "15", "12", "27", "16", "16", "13", "21", "5", "7", "7", "29", "15", "5", "5", "8", "16", "3", "0", "0", "0"],
  ["Jon Marshall", "21", "23", "14", "18", "12", "13", "12", "23", "11", "21", "13", "17", "16", "10", "11", "9", "13", "12", "10", "6", "11", "10", "5", "8", "4", "10", "8", "0", "0", "0"],
  ["Bill Rice", "23", "19", "11", "17", "12", "12", "16", "17", "14", "21", "13", "9", "16", "8", "10", "5", "10", "5", "7", "6", "23", "9", "6", "16", "10", "0", "5", "0", "1", "0"],
  ["Leonard Deutchman", "16", "13", "13", "17", "7", "14", "9", "21", "11", "5", "16", "18", "18", "9", "11", "7", "20", "9", "5", "9", "4", "15", "13", "3", "8", "5", "2", "0", "0", "0"],
  ["Matthew C Monroe", "1", "1", "2", "3", "1", "2", "2", "1", "1", "1", "0", "1", "2", "0", "1", "1", "1", "0", "0", "0", "0", "2", "0", "0", "0", "0", "0", "0", "0", "0"],
  ["Christian Dicicco", "2", "0", "1", "1", "2", "1", "0", "1", "0", "2", "0", "1", "1", "0", "0", "0", "0", "0", "1", "1", "1", "0", "0", "0", "0", "1", "0", "0", "0", "0"],
  ["Dawn M Tancredi", "0", "0", "0", "0", "0", "0", "0", "0", "0", "0", "0", "0", "0", "0", "0", "0", "1", "0", "0", "0", "0", "0", "0", "0", "0", "0", "0", "0", "0", "0"],
  ["Total", "325", "308", "290", "281", "249", "244", "216", "194", "189", "179", "177", "175", "171", "165", "163", "135", "135", "131", "116", "114", "111", "94", "83", "69", "53", "47", "43", "3", "2", "1"]
]
