[
  ["", "Marissa Brumbach", "Matt Wolf", "Sherman Toppin", "George Twardy", "Jon Marshall", "Bill Rice", "Betsy Wahl", "Christian Dicicco", "Crystal B Powell"],
  ["Marissa Brumbach", "  339", "491", "235", "282", "121", "39", "0", "0", "0"],
  ["Matt Wolf", "  491", "219", "95", "59", "55", "37", "1", "0", "0"],
  ["Sherman Toppin", "  235", "95", "176", "54", "42", "31", "0", "0", "0"],
  ["George Twardy", "  282", "59", "54", "56", "25", "10", "0", "1", "1"],
  ["Jon Marshall", "  121", "55", "42", "25", "64", "32", "1", "0", "0"],
  ["Bill Rice", "   39", "37", "31", "10", "32", "24", "0", "0", "0"],
  ["Betsy Wahl", "    0", "1", "0", "0", "1", "0", "0", "0", "0"],
  ["Christian Dicicco", "    0", "0", "0", "1", "0", "0", "0", "1", "0"],
  ["Crystal B Powell", "    0", "0", "0", "1", "0", "0", "0", "0", "0"],
  ["Total", "1,507", "957", "633", "488", "340", "173", "2", "2", "1"]
]
