[
  ["", "Marissa Brumbach", "Matt Wolf", "Sherman Toppin", "George Twardy", "Jon Marshall", "Bill Rice", "Betsy Wahl", "Christian Dicicco"],
  ["Marissa Brumbach", "  243", "332", "118", "221", "57", "31", "1", "0"],
  ["Matt Wolf", "  332", "204", "69", "53", "56", "25", "0", "0"],
  ["Sherman Toppin", "  118", "69", "173", "40", "17", "21", "1", "0"],
  ["George Twardy", "  221", "53", "40", "52", "15", "10", "0", "0"],
  ["Jon Marshall", "   57", "56", "17", "15", "45", "25", "0", "0"],
  ["Bill Rice", "   31", "25", "21", "10", "25", "33", "0", "2"],
  ["Betsy Wahl", "    1", "0", "1", "0", "0", "0", "0", "0"],
  ["Christian Dicicco", "    0", "0", "0", "0", "0", "2", "0", "0"],
  ["Total", "1,003", "739", "439", "391", "215", "147", "2", "2"]
]
