[
  ["", "Vincent Furlong", "Mark B Cohen", "Brian Mclaughlin", "Stella Tsai", "Vikki Kristiansson", "Deborah Cianfrani", "John Macoretta", "Daniel R Sulman", "Vincent Melchiorre", "Rania Major", "David Conroy", "Zac Shaffer", "Jennifer Schultz", "Lawrence J Bozzelli", "Deborah Canty", "Lucretia C Clemons", "Wendi Barish", "Leon Goodman", "Crystal B Powell", "Henry Mc Sias", "Shanese Johnson", "Leonard Deutchman", "Bill Rice", "Terri M Booker", "Jon Marshall", "Mark J Moore", "Danyl S Patterson", "Dawn M Tancredi", "Christian Dicicco"],
  ["Vincent Furlong", "29", "168", "193", "212", "218", "172", "147", "145", "181", "113", "152", "134", "82", "119", "70", "106", "52", "70", "78", "87", "57", "37", "36", "26", "36", "33", "32", "2", "1"],
  ["Mark B Cohen", "168", "44", "172", "115", "113", "147", "156", "140", "100", "160", "72", "92", "94", "86", "93", "45", "55", "83", "54", "49", "61", "39", "44", "34", "31", "35", "44", "1", "0"],
  ["Brian Mclaughlin", "193", "172", "37", "151", "140", "186", "147", "81", "122", "107", "73", "57", "98", "139", "70", "44", "55", "62", "37", "99", "52", "39", "42", "24", "43", "31", "36", "1", "1"],
  ["Stella Tsai", "212", "115", "151", "21", "237", "166", "113", "126", "121", "124", "99", "103", "98", "102", "96", "127", "85", "58", "82", "83", "70", "29", "23", "35", "26", "27", "24", "2", "0"],
  ["Vikki Kristiansson", "218", "113", "140", "237", "22", "150", "111", "125", "116", "123", "116", "129", "89", "104", "96", "119", "76", "48", "92", "95", "63", "33", "19", "29", "16", "22", "28", "0", "0"],
  ["Deborah Cianfrani", "172", "147", "186", "166", "150", "15", "133", "65", "90", "134", "45", "44", "112", "120", "89", "40", "79", "51", "45", "85", "61", "33", "31", "40", "27", "33", "33", "1", "0"],
  ["John Macoretta", "147", "156", "147", "113", "111", "133", "9", "106", "60", "160", "50", "39", "48", "120", "43", "19", "44", "47", "14", "84", "41", "28", "18", "11", "20", "24", "13", "2", "1"],
  ["Daniel R Sulman", "145", "140", "81", "126", "125", "65", "106", "7", "134", "90", "118", "131", "52", "43", "53", "93", "41", "43", "66", "33", "17", "27", "28", "13", "18", "16", "20", "0", "0"],
  ["Vincent Melchiorre", "181", "100", "122", "121", "116", "90", "60", "134", "6", "41", "124", "129", "51", "54", "51", "89", "30", "38", "67", "23", "28", "28", "28", "13", "25", "19", "27", "1", "0"],
  ["Rania Major", "113", "160", "107", "124", "123", "134", "160", "90", "41", "5", "30", "39", "72", "91", "64", "40", "56", "36", "43", "72", "67", "19", "16", "30", "14", "18", "19", "1", "0"],
  ["David Conroy", "152", "72", "73", "99", "116", "45", "50", "118", "124", "30", "14", "122", "43", "28", "49", "111", "32", "49", "77", "17", "18", "21", "27", "24", "28", "22", "30", "1", "1"],
  ["Zac Shaffer", "134", "92", "57", "103", "129", "44", "39", "131", "129", "39", "122", "4", "39", "29", "62", "88", "31", "50", "74", "22", "23", "22", "19", "12", "14", "11", "27", "1", "1"],
  ["Jennifer Schultz", "82", "94", "98", "98", "89", "112", "48", "52", "51", "72", "43", "39", "6", "49", "103", "54", "88", "56", "40", "44", "44", "43", "30", "38", "31", "30", "24", "2", "1"],
  ["Lawrence J Bozzelli", "119", "86", "139", "102", "104", "120", "120", "43", "54", "91", "28", "29", "49", "7", "49", "30", "38", "40", "11", "81", "35", "33", "23", "9", "20", "22", "12", "0", "0"],
  ["Deborah Canty", "70", "93", "70", "96", "96", "89", "43", "53", "51", "64", "49", "62", "103", "49", "7", "57", "82", "63", "51", "30", "59", "36", "30", "43", "20", "28", "30", "1", "1"],
  ["Lucretia C Clemons", "106", "45", "44", "127", "119", "40", "19", "93", "89", "40", "111", "88", "54", "30", "57", "4", "54", "44", "91", "15", "45", "18", "20", "33", "15", "24", "14", "0", "0"],
  ["Wendi Barish", "52", "55", "55", "85", "76", "79", "44", "41", "30", "56", "32", "31", "88", "38", "82", "54", "3", "43", "38", "32", "34", "23", "20", "26", "19", "23", "11", "1", "0"],
  ["Leon Goodman", "70", "83", "62", "58", "48", "51", "47", "43", "38", "36", "49", "50", "56", "40", "63", "44", "43", "5", "33", "24", "27", "28", "21", "24", "26", "38", "30", "1", "0"],
  ["Crystal B Powell", "78", "54", "37", "82", "92", "45", "14", "66", "67", "43", "77", "74", "40", "11", "51", "91", "38", "33", "0", "7", "40", "3", "20", "31", "15", "14", "28", "0", "0"],
  ["Henry Mc Sias", "87", "49", "99", "83", "95", "85", "84", "33", "23", "72", "17", "22", "44", "81", "30", "15", "32", "24", "7", "1", "35", "19", "14", "5", "19", "10", "10", "0", "0"],
  ["Shanese Johnson", "57", "61", "52", "70", "63", "61", "41", "17", "28", "67", "18", "23", "44", "35", "59", "45", "34", "27", "40", "35", "8", "10", "15", "23", "9", "15", "15", "0", "0"],
  ["Leonard Deutchman", "37", "39", "39", "29", "33", "33", "28", "27", "28", "19", "21", "22", "43", "33", "36", "18", "23", "28", "3", "19", "10", "2", "14", "8", "10", "14", "11", "0", "0"],
  ["Bill Rice", "36", "44", "42", "23", "19", "31", "18", "28", "28", "16", "27", "19", "30", "23", "30", "20", "20", "21", "20", "14", "15", "14", "2", "23", "30", "16", "17", "0", "0"],
  ["Terri M Booker", "26", "34", "24", "35", "29", "40", "11", "13", "13", "30", "24", "12", "38", "9", "43", "33", "26", "24", "31", "5", "23", "8", "23", "1", "16", "13", "13", "1", "1"],
  ["Jon Marshall", "36", "31", "43", "26", "16", "27", "20", "18", "25", "14", "28", "14", "31", "20", "20", "15", "19", "26", "15", "19", "9", "10", "30", "16", "4", "22", "14", "0", "0"],
  ["Mark J Moore", "33", "35", "31", "27", "22", "33", "24", "16", "19", "18", "22", "11", "30", "22", "28", "24", "23", "38", "14", "10", "15", "14", "16", "13", "22", "0", "9", "0", "0"],
  ["Danyl S Patterson", "32", "44", "36", "24", "28", "33", "13", "20", "27", "19", "30", "27", "24", "12", "30", "14", "11", "30", "28", "10", "15", "11", "17", "13", "14", "9", "0", "0", "0"],
  ["Dawn M Tancredi", "2", "1", "1", "2", "0", "1", "2", "0", "1", "1", "1", "1", "2", "0", "1", "0", "1", "1", "0", "0", "0", "0", "0", "1", "0", "0", "0", "0", "0"],
  ["Christian Dicicco", "1", "0", "1", "0", "0", "0", "1", "0", "0", "0", "1", "1", "1", "0", "1", "0", "0", "0", "0", "0", "0", "0", "0", "1", "0", "0", "0", "0", "0"],
  ["Total", "464", "443", "411", "389", "389", "343", "302", "299", "285", "284", "243", "229", "222", "220", "219", "204", "166", "161", "157", "156", "144", "89", "87", "84", "82", "82", "80", "3", "1"]
]
