[
  ["", "Vikki Kristiansson", "Stella Tsai", "Vincent Furlong", "Mark B Cohen", "Lucretia C Clemons", "Zac Shaffer", "Deborah Cianfrani", "Daniel R Sulman", "Crystal B Powell", "Deborah Canty", "Shanese Johnson", "Brian Mclaughlin", "Rania Major", "Vincent Melchiorre", "David Conroy", "Jennifer Schultz", "Leon Goodman", "Lawrence J Bozzelli", "John Macoretta", "Wendi Barish", "Henry Mc Sias", "Terri M Booker", "Mark J Moore", "Danyl S Patterson", "Jon Marshall", "Leonard Deutchman", "Bill Rice", "Dawn M Tancredi", "Write In", "Betsy Wahl", "Matthew C Monroe"],
  ["Vikki Kristiansson", "32", "442", "408", "191", "276", "294", "217", "255", "239", "175", "144", "153", "195", "212", "243", "149", "110", "149", "144", "109", "140", "65", "40", "60", "34", "40", "16", "0", "1", "1", "0"],
  ["Stella Tsai", "442", "51", "346", "186", "274", "242", "233", "242", "226", "180", "164", "177", "198", "194", "197", "154", "103", "150", "139", "127", "136", "81", "53", "36", "39", "39", "25", "1", "1", "0", "0"],
  ["Vincent Furlong", "408", "346", "26", "184", "228", "276", "171", "234", "206", "100", "120", "170", "147", "224", "234", "86", "109", "129", "138", "54", "115", "47", "47", "49", "38", "28", "24", "0", "2", "0", "0"],
  ["Mark B Cohen", "191", "186", "184", "108", "100", "116", "162", "91", "113", "173", "147", "156", "141", "72", "78", "133", "129", "104", "99", "79", "86", "98", "53", "57", "50", "36", "46", "0", "0", "0", "0"],
  ["Lucretia C Clemons", "276", "274", "228", "100", "9", "226", "71", "219", "244", "119", "122", "47", "77", "198", "214", "90", "84", "33", "38", "87", "38", "82", "71", "51", "40", "17", "26", "2", "1", "0", "0"],
  ["Zac Shaffer", "294", "242", "276", "116", "226", "8", "53", "253", "195", "95", "51", "37", "57", "226", "234", "64", "108", "31", "52", "54", "20", "37", "38", "47", "34", "32", "17", "2", "1", "0", "1"],
  ["Deborah Cianfrani", "217", "233", "171", "162", "71", "53", "16", "53", "77", "145", "151", "173", "183", "58", "38", "135", "66", "143", "129", "105", "122", "73", "40", "24", "31", "25", "24", "0", "0", "1", "0"],
  ["Daniel R Sulman", "255", "242", "234", "91", "219", "253", "53", "12", "166", "74", "51", "57", "55", "213", "198", "56", "73", "30", "39", "54", "27", "41", "28", "20", "33", "37", "22", "0", "1", "0", "0"],
  ["Crystal B Powell", "239", "226", "206", "113", "244", "195", "77", "166", "8", "121", "102", "34", "77", "158", "191", "74", "89", "20", "21", "68", "21", "87", "48", "69", "31", "5", "21", "0", "0", "0", "0"],
  ["Deborah Canty", "175", "180", "100", "173", "119", "95", "145", "74", "121", "10", "150", "77", "117", "47", "58", "176", "111", "63", "55", "135", "52", "87", "45", "60", "37", "49", "32", "1", "0", "0", "1"],
  ["Shanese Johnson", "144", "164", "120", "147", "122", "51", "151", "51", "102", "150", "39", "95", "138", "38", "35", "104", "72", "76", "63", "78", "61", "90", "53", "51", "42", "20", "31", "1", "0", "0", "0"],
  ["Brian Mclaughlin", "153", "177", "170", "156", "47", "37", "173", "57", "34", "77", "95", "24", "139", "59", "46", "74", "66", "147", "137", "49", "116", "37", "33", "23", "30", "31", "29", "1", "0", "0", "0"],
  ["Rania Major", "195", "198", "147", "141", "77", "57", "183", "55", "77", "117", "138", "139", "21", "35", "27", "103", "67", "125", "106", "70", "112", "64", "28", "23", "28", "24", "22", "1", "0", "1", "0"],
  ["Vincent Melchiorre", "212", "194", "224", "72", "198", "226", "58", "213", "158", "47", "38", "59", "35", "4", "199", "52", "62", "36", "35", "42", "21", "29", "29", "21", "21", "30", "21", "2", "1", "0", "1"],
  ["David Conroy", "243", "197", "234", "78", "214", "234", "38", "198", "191", "58", "35", "46", "27", "199", "4", "33", "69", "31", "37", "28", "19", "28", "33", "46", "23", "16", "22", "1", "1", "0", "0"],
  ["Jennifer Schultz", "149", "154", "86", "133", "90", "64", "135", "56", "74", "176", "104", "74", "103", "52", "33", "6", "80", "57", "53", "132", "56", "69", "44", "21", "33", "54", "27", "1", "0", "0", "1"],
  ["Leon Goodman", "110", "103", "109", "129", "84", "108", "66", "73", "89", "111", "72", "66", "67", "62", "69", "80", "8", "44", "60", "73", "43", "54", "60", "57", "39", "39", "30", "2", "1", "0", "1"],
  ["Lawrence J Bozzelli", "149", "150", "129", "104", "33", "31", "143", "30", "20", "63", "76", "147", "125", "36", "31", "57", "44", "7", "120", "46", "120", "17", "26", "18", "18", "35", "17", "0", "0", "1", "0"],
  ["John Macoretta", "144", "139", "138", "99", "38", "52", "129", "39", "21", "55", "63", "137", "106", "35", "37", "53", "60", "120", "7", "27", "122", "17", "26", "16", "24", "21", "15", "0", "0", "0", "0"],
  ["Wendi Barish", "109", "127", "54", "79", "87", "54", "105", "54", "68", "135", "78", "49", "70", "42", "28", "132", "73", "46", "27", "4", "34", "54", "45", "19", "24", "40", "20", "2", "0", "0", "1"],
  ["Henry Mc Sias", "140", "136", "115", "86", "38", "20", "122", "27", "21", "52", "61", "116", "112", "21", "19", "56", "43", "120", "122", "34", "3", "22", "22", "9", "12", "22", "10", "0", "0", "0", "0"],
  ["Terri M Booker", "65", "81", "47", "98", "82", "37", "73", "41", "87", "87", "90", "37", "64", "29", "28", "69", "54", "17", "17", "54", "22", "11", "44", "31", "33", "7", "35", "1", "0", "1", "0"],
  ["Mark J Moore", "40", "53", "47", "53", "71", "38", "40", "28", "48", "45", "53", "33", "28", "29", "33", "44", "60", "26", "26", "45", "22", "44", "1", "27", "35", "15", "31", "0", "1", "0", "0"],
  ["Danyl S Patterson", "60", "36", "49", "57", "51", "47", "24", "20", "69", "60", "51", "23", "23", "21", "46", "21", "57", "18", "16", "19", "9", "31", "27", "2", "22", "4", "22", "1", "0", "0", "0"],
  ["Jon Marshall", "34", "39", "38", "50", "40", "34", "31", "33", "31", "37", "42", "30", "28", "21", "23", "33", "39", "18", "24", "24", "12", "33", "35", "22", "2", "20", "24", "0", "1", "1", "0"],
  ["Leonard Deutchman", "40", "39", "28", "36", "17", "32", "25", "37", "5", "49", "20", "31", "24", "30", "16", "54", "39", "35", "21", "40", "22", "7", "15", "4", "20", "1", "4", "1", "0", "1", "1"],
  ["Bill Rice", "16", "25", "24", "46", "26", "17", "24", "22", "21", "32", "31", "29", "22", "21", "22", "27", "30", "17", "15", "20", "10", "35", "31", "22", "24", "4", "5", "0", "0", "0", "0"],
  ["Dawn M Tancredi", "0", "1", "0", "0", "2", "2", "0", "0", "0", "1", "1", "1", "1", "2", "1", "1", "2", "0", "0", "2", "0", "1", "0", "1", "0", "1", "0", "0", "0", "0", "0"],
  ["Write In", "1", "1", "2", "0", "1", "1", "0", "1", "0", "0", "0", "0", "0", "1", "1", "0", "1", "0", "0", "0", "0", "0", "1", "0", "1", "0", "0", "0", "0", "0", "0"],
  ["Betsy Wahl", "1", "0", "0", "0", "0", "0", "1", "0", "0", "0", "0", "0", "1", "0", "0", "0", "0", "1", "0", "0", "0", "1", "0", "0", "1", "1", "0", "0", "0", "0", "0"],
  ["Matthew C Monroe", "0", "0", "0", "0", "0", "1", "0", "0", "0", "1", "0", "0", "0", "1", "0", "1", "1", "0", "0", "1", "0", "0", "0", "0", "0", "1", "0", "0", "0", "0", "0"],
  ["Total", "689", "683", "605", "569", "442", "418", "397", "387", "385", "373", "372", "343", "343", "341", "336", "299", "279", "257", "251", "229", "213", "207", "146", "128", "110", "102", "93", "3", "2", "1", "1"]
]
