[
  ["", "Marissa Brumbach", "Matt Wolf", "George Twardy", "Sherman Toppin", "Jon Marshall", "Bill Rice", "Betsy Wahl", "Christian Dicicco"],
  ["Marissa Brumbach", "  305", "335", "584", "212", "81", "58", "1", "0"],
  ["Matt Wolf", "  335", "286", "82", "193", "74", "31", "0", "0"],
  ["George Twardy", "  584", "82", "92", "114", "27", "22", "0", "0"],
  ["Sherman Toppin", "  212", "193", "114", "302", "58", "41", "0", "1"],
  ["Jon Marshall", "   81", "74", "27", "58", "59", "35", "1", "1"],
  ["Bill Rice", "   58", "31", "22", "41", "35", "37", "1", "0"],
  ["Betsy Wahl", "    1", "0", "0", "0", "1", "1", "2", "1"],
  ["Christian Dicicco", "    0", "0", "0", "1", "1", "0", "1", "0"],
  ["Total", "1,576", "1,001", "921", "921", "336", "225", "6", "3"]
]
