[
  ["", "Stella Tsai", "Vikki Kristiansson", "Deborah Cianfrani", "Vincent Furlong", "Lucretia C Clemons", "Daniel R Sulman", "Zac Shaffer", "Shanese Johnson", "David Conroy", "Vincent Melchiorre", "Mark B Cohen", "Deborah Canty", "Leon Goodman", "Rania Major", "Crystal B Powell", "Jennifer Schultz", "John Macoretta", "Brian Mclaughlin", "Terri M Booker", "Henry Mc Sias", "Danyl S Patterson", "Mark J Moore", "Wendi Barish", "Lawrence J Bozzelli", "Leonard Deutchman", "Bill Rice", "Jon Marshall", "Matthew C Monroe", "Christian Dicicco", "Dawn M Tancredi", "Write In"],
  ["Stella Tsai", "   96", "1,994", "2,012", "1,856", "1,504", "1,554", "1,239", "637", "1,150", "1,132", "425", "428", "328", "456", "258", "296", "318", "258", "165", "252", "128", "177", "234", "258", "70", "61", "73", "5", "1", "1", "1"],
  ["Vikki Kristiansson", "1,994", "29", "1,927", "1,795", "1,422", "1,482", "1,273", "554", "1,197", "1,081", "479", "459", "367", "473", "259", "283", "350", "213", "129", "289", "195", "145", "178", "277", "142", "38", "61", "5", "1", "2", "1"],
  ["Deborah Cianfrani", "2,012", "1,927", "34", "1,868", "1,418", "1,531", "1,174", "581", "1,117", "1,110", "411", "348", "282", "450", "250", "261", "288", "227", "181", "268", "110", "147", "187", "237", "56", "52", "62", "4", "1", "2", "1"],
  ["Vincent Furlong", "1,856", "1,795", "1,868", "17", "1,322", "1,522", "1,149", "463", "1,122", "1,105", "345", "274", "249", "324", "153", "144", "262", "227", "103", "203", "100", "109", "89", "201", "43", "68", "57", "5", "1", "1", "1"],
  ["Lucretia C Clemons", "1,504", "1,422", "1,418", "1,322", "63", "1,197", "1,185", "606", "1,195", "1,118", "387", "416", "417", "267", "403", "254", "115", "107", "254", "121", "230", "267", "204", "75", "49", "79", "89", "4", "1", "0", "1"],
  ["Daniel R Sulman", "1,554", "1,482", "1,531", "1,522", "1,197", "12", "1,104", "296", "1,021", "1,056", "217", "260", "208", "159", "115", "153", "108", "70", "75", "73", "79", "92", "120", "71", "66", "32", "56", "3", "1", "1", "0"],
  ["Zac Shaffer", "1,239", "1,273", "1,174", "1,149", "1,185", "1,104", "6", "253", "1,108", "1,083", "262", "257", "304", "148", "147", "122", "126", "72", "54", "56", "143", "80", "112", "57", "96", "28", "41", "0", "2", "1", "0"],
  ["Shanese Johnson", "  637", "554", "581", "463", "606", "296", "253", "199", "213", "206", "539", "495", "436", "462", "409", "309", "215", "174", "279", "170", "227", "195", "223", "181", "74", "111", "89", "5", "1", "0", "0"],
  ["David Conroy", "1,150", "1,197", "1,117", "1,122", "1,195", "1,021", "1,108", "213", "2", "982", "218", "234", "251", "86", "169", "65", "93", "52", "57", "26", "172", "88", "45", "26", "64", "35", "35", "1", "0", "1", "0"],
  ["Vincent Melchiorre", "1,132", "1,081", "1,110", "1,105", "1,118", "1,056", "1,083", "206", "982", "5", "158", "151", "153", "96", "79", "67", "61", "58", "45", "39", "68", "88", "88", "36", "50", "26", "40", "2", "2", "0", "0"],
  ["Mark B Cohen", "  425", "479", "411", "345", "387", "217", "262", "539", "218", "158", "86", "454", "375", "407", "283", "272", "241", "198", "200", "161", "207", "133", "152", "193", "147", "77", "76", "4", "1", "1", "0"],
  ["Deborah Canty", "  428", "459", "348", "274", "416", "260", "257", "495", "234", "151", "454", "37", "367", "330", "333", "318", "149", "124", "208", "119", "225", "161", "221", "132", "154", "71", "58", "5", "2", "2", "0"],
  ["Leon Goodman", "  328", "367", "282", "249", "417", "208", "304", "436", "251", "153", "375", "367", "40", "215", "291", "200", "169", "138", "180", "127", "242", "204", "192", "101", "138", "75", "67", "3", "1", "1", "0"],
  ["Rania Major", "  456", "473", "450", "324", "267", "159", "148", "462", "86", "96", "407", "330", "215", "25", "226", "250", "261", "232", "154", "262", "100", "97", "158", "280", "102", "55", "58", "1", "0", "1", "0"],
  ["Crystal B Powell", "  258", "259", "250", "153", "403", "115", "147", "409", "169", "79", "283", "333", "291", "226", "5", "196", "48", "79", "254", "75", "222", "175", "158", "34", "26", "77", "65", "4", "0", "1", "0"],
  ["Jennifer Schultz", "  296", "283", "261", "144", "254", "153", "122", "309", "65", "67", "272", "318", "200", "250", "196", "11", "80", "89", "156", "139", "64", "109", "213", "102", "106", "53", "49", "2", "0", "1", "0"],
  ["John Macoretta", "  318", "350", "288", "262", "115", "108", "126", "215", "93", "61", "241", "149", "169", "261", "48", "80", "16", "193", "44", "219", "69", "31", "60", "236", "73", "33", "22", "1", "1", "1", "0"],
  ["Brian Mclaughlin", "  258", "213", "227", "227", "107", "70", "72", "174", "52", "58", "198", "124", "138", "232", "79", "89", "193", "15", "60", "168", "41", "70", "64", "188", "33", "49", "40", "3", "2", "0", "0"],
  ["Terri M Booker", "  165", "129", "181", "103", "254", "75", "54", "279", "57", "45", "200", "208", "180", "154", "254", "156", "44", "60", "10", "68", "106", "143", "116", "34", "24", "71", "54", "3", "0", "0", "0"],
  ["Henry Mc Sias", "  252", "289", "268", "203", "121", "73", "56", "170", "26", "39", "161", "119", "127", "262", "75", "139", "219", "168", "68", "4", "27", "65", "85", "238", "67", "20", "26", "1", "0", "0", "0"],
  ["Danyl S Patterson", "  128", "195", "110", "100", "230", "79", "143", "227", "172", "68", "207", "225", "242", "100", "222", "64", "69", "41", "106", "27", "14", "110", "65", "14", "48", "46", "39", "2", "0", "1", "0"],
  ["Mark J Moore", "  177", "145", "147", "109", "267", "92", "80", "195", "88", "88", "133", "161", "204", "97", "175", "109", "31", "70", "143", "65", "110", "28", "84", "32", "29", "44", "57", "1", "1", "0", "0"],
  ["Wendi Barish", "  234", "178", "187", "89", "204", "120", "112", "223", "45", "88", "152", "221", "192", "158", "158", "213", "60", "64", "116", "85", "65", "84", "9", "56", "55", "24", "35", "4", "0", "0", "0"],
  ["Lawrence J Bozzelli", "  258", "277", "237", "201", "75", "71", "57", "181", "26", "36", "193", "132", "101", "280", "34", "102", "236", "188", "34", "238", "14", "32", "56", "4", "90", "20", "22", "1", "1", "0", "0"],
  ["Leonard Deutchman", "   70", "142", "56", "43", "49", "66", "96", "74", "64", "50", "147", "154", "138", "102", "26", "106", "73", "33", "24", "67", "48", "29", "55", "90", "4", "19", "20", "1", "0", "0", "0"],
  ["Bill Rice", "   61", "38", "52", "68", "79", "32", "28", "111", "35", "26", "77", "71", "75", "55", "77", "53", "33", "49", "71", "20", "46", "44", "24", "20", "19", "3", "36", "0", "2", "0", "0"],
  ["Jon Marshall", "   73", "61", "62", "57", "89", "56", "41", "89", "35", "40", "76", "58", "67", "58", "65", "49", "22", "40", "54", "26", "39", "57", "35", "22", "20", "36", "5", "1", "0", "0", "0"],
  ["Matthew C Monroe", "    5", "5", "4", "5", "4", "3", "0", "5", "1", "2", "4", "5", "3", "1", "4", "2", "1", "3", "3", "1", "2", "1", "4", "1", "1", "0", "1", "1", "0", "1", "0"],
  ["Christian Dicicco", "    1", "1", "1", "1", "1", "1", "2", "1", "0", "2", "1", "2", "1", "0", "0", "0", "1", "2", "0", "0", "0", "1", "0", "1", "0", "2", "0", "0", "0", "0", "0"],
  ["Dawn M Tancredi", "    1", "2", "2", "1", "0", "1", "1", "0", "1", "0", "1", "2", "1", "1", "1", "1", "1", "0", "0", "0", "1", "0", "0", "0", "0", "0", "0", "1", "0", "0", "0"],
  ["Write In", "    1", "1", "1", "1", "1", "0", "0", "0", "0", "0", "0", "0", "0", "0", "0", "0", "0", "0", "0", "0", "0", "0", "0", "0", "0", "0", "0", "0", "0", "0", "0"],
  ["Total", "2,674", "2,536", "2,486", "2,270", "2,153", "1,866", "1,585", "1,512", "1,452", "1,370", "1,156", "1,022", "950", "893", "679", "610", "556", "470", "460", "459", "455", "451", "445", "439", "256", "190", "189", "14", "4", "4", "1"]
]
