[
  ["", "Vikki Kristiansson", "Stella Tsai", "Deborah Cianfrani", "Vincent Furlong", "Zac Shaffer", "Mark B Cohen", "Lucretia C Clemons", "Shanese Johnson", "Daniel R Sulman", "John Macoretta", "David Conroy", "Leon Goodman", "Rania Major", "Vincent Melchiorre", "Deborah Canty", "Leonard Deutchman", "Brian Mclaughlin", "Danyl S Patterson", "Henry Mc Sias", "Lawrence J Bozzelli", "Crystal B Powell", "Wendi Barish", "Terri M Booker", "Jennifer Schultz", "Mark J Moore", "Jon Marshall", "Bill Rice", "Matthew C Monroe", "Dawn M Tancredi", "Christian Dicicco", "Write In", "Betsy Wahl"],
  ["Vikki Kristiansson", "25", "361", "363", "324", "262", "149", "181", "118", "194", "185", "221", "119", "145", "183", "119", "124", "103", "82", "112", "104", "55", "42", "37", "45", "23", "17", "9", "1", "0", "1", "0", "1"],
  ["Stella Tsai", "361", "65", "367", "310", "209", "89", "200", "114", "221", "126", "176", "71", "149", "197", "63", "78", "98", "44", "109", "108", "42", "69", "29", "56", "35", "17", "21", "2", "1", "2", "0", "1"],
  ["Deborah Cianfrani", "363", "367", "20", "304", "193", "105", "189", "127", "209", "131", "167", "73", "162", "186", "68", "65", "96", "31", "112", "106", "66", "53", "55", "61", "34", "16", "12", "1", "0", "1", "0", "1"],
  ["Vincent Furlong", "324", "310", "304", "10", "194", "86", "153", "94", "187", "107", "162", "50", "120", "182", "50", "56", "89", "27", "95", "93", "33", "17", "23", "23", "23", "18", "13", "0", "1", "2", "0", "1"],
  ["Zac Shaffer", "262", "209", "193", "194", "2", "95", "170", "57", "207", "80", "223", "130", "36", "200", "97", "110", "29", "86", "13", "23", "43", "46", "24", "28", "18", "13", "9", "2", "3", "0", "0", "0"],
  ["Mark B Cohen", "149", "89", "105", "86", "95", "55", "55", "103", "46", "115", "68", "116", "96", "31", "114", "75", "60", "84", "47", "50", "61", "36", "33", "33", "32", "21", "16", "0", "0", "1", "0", "0"],
  ["Lucretia C Clemons", "181", "200", "189", "153", "170", "55", "10", "85", "165", "28", "172", "84", "51", "145", "59", "33", "19", "65", "20", "19", "84", "60", "55", "50", "53", "26", "24", "0", "0", "1", "0", "1"],
  ["Shanese Johnson", "118", "114", "127", "94", "57", "103", "85", "27", "49", "72", "29", "97", "123", "25", "93", "33", "67", "54", "49", "61", "81", "53", "58", "58", "44", "22", "23", "1", "0", "1", "0", "0"],
  ["Daniel R Sulman", "194", "221", "209", "187", "207", "46", "165", "49", "10", "36", "162", "59", "47", "199", "47", "65", "26", "30", "20", "23", "19", "48", "18", "35", "17", "8", "4", "2", "2", "0", "0", "0"],
  ["John Macoretta", "185", "126", "131", "107", "80", "115", "28", "72", "36", "22", "56", "89", "116", "21", "82", "66", "104", "61", "102", "114", "23", "20", "20", "22", "24", "15", "9", "1", "0", "0", "0", "0"],
  ["David Conroy", "221", "176", "167", "162", "223", "68", "172", "29", "162", "56", "0", "99", "15", "158", "68", "87", "5", "84", "3", "11", "37", "25", "23", "14", "17", "11", "10", "1", "1", "0", "0", "0"],
  ["Leon Goodman", "119", "71", "73", "50", "130", "116", "84", "97", "59", "89", "99", "11", "48", "53", "108", "89", "40", "103", "33", "28", "69", "63", "51", "55", "56", "22", "21", "3", "2", "0", "0", "0"],
  ["Rania Major", "145", "149", "162", "120", "36", "96", "51", "123", "47", "116", "15", "48", "15", "24", "57", "25", "103", "31", "97", "112", "47", "41", "30", "46", "22", "9", "18", "0", "0", "0", "0", "0"],
  ["Vincent Melchiorre", "183", "197", "186", "182", "200", "31", "145", "25", "199", "21", "158", "53", "24", "1", "30", "58", "15", "22", "13", "16", "11", "33", "19", "21", "13", "10", "7", "2", "3", "0", "0", "0"],
  ["Deborah Canty", "119", "63", "68", "50", "97", "114", "59", "93", "47", "82", "68", "108", "57", "30", "8", "79", "23", "89", "15", "23", "59", "47", "41", "61", "34", "18", "12", "2", "0", "1", "0", "0"],
  ["Leonard Deutchman", "124", "78", "65", "56", "110", "75", "33", "33", "65", "66", "87", "89", "25", "58", "79", "23", "14", "57", "12", "18", "12", "29", "10", "28", "13", "11", "4", "0", "1", "0", "0", "0"],
  ["Brian Mclaughlin", "103", "98", "96", "89", "29", "60", "19", "67", "26", "104", "5", "40", "103", "15", "23", "14", "8", "10", "90", "101", "19", "22", "16", "17", "24", "11", "8", "0", "0", "0", "0", "0"],
  ["Danyl S Patterson", "82", "44", "31", "27", "86", "84", "65", "54", "30", "61", "84", "103", "31", "22", "89", "57", "10", "10", "1", "8", "49", "36", "24", "16", "24", "16", "14", "0", "0", "1", "0", "1"],
  ["Henry Mc Sias", "112", "109", "112", "95", "13", "47", "20", "49", "20", "102", "3", "33", "97", "13", "15", "12", "90", "1", "11", "94", "19", "22", "19", "22", "21", "2", "4", "0", "0", "0", "0", "0"],
  ["Lawrence J Bozzelli", "104", "108", "106", "93", "23", "50", "19", "61", "23", "114", "11", "28", "112", "16", "23", "18", "101", "8", "94", "3", "13", "21", "9", "11", "21", "10", "9", "0", "0", "0", "0", "0"],
  ["Crystal B Powell", "55", "42", "66", "33", "43", "61", "84", "81", "19", "23", "37", "69", "47", "11", "59", "12", "19", "49", "19", "13", "3", "47", "62", "40", "52", "20", "19", "0", "0", "1", "0", "1"],
  ["Wendi Barish", "42", "69", "53", "17", "46", "36", "60", "53", "48", "20", "25", "63", "41", "33", "47", "29", "22", "36", "22", "21", "47", "1", "37", "60", "32", "15", "10", "2", "3", "0", "0", "0"],
  ["Terri M Booker", "37", "29", "55", "23", "24", "33", "55", "58", "18", "20", "23", "51", "30", "19", "41", "10", "16", "24", "19", "9", "62", "37", "11", "40", "44", "13", "12", "0", "1", "1", "0", "0"],
  ["Jennifer Schultz", "45", "56", "61", "23", "28", "33", "50", "58", "35", "22", "14", "55", "46", "21", "61", "28", "17", "16", "22", "11", "40", "60", "40", "3", "40", "8", "7", "1", "1", "0", "0", "0"],
  ["Mark J Moore", "23", "35", "34", "23", "18", "32", "53", "44", "17", "24", "17", "56", "22", "13", "34", "13", "24", "24", "21", "21", "52", "32", "44", "40", "5", "18", "20", "1", "1", "1", "0", "0"],
  ["Jon Marshall", "17", "17", "16", "18", "13", "21", "26", "22", "8", "15", "11", "22", "9", "10", "18", "11", "11", "16", "2", "10", "20", "15", "13", "8", "18", "2", "14", "0", "1", "0", "0", "0"],
  ["Bill Rice", "9", "21", "12", "13", "9", "16", "24", "23", "4", "9", "10", "21", "18", "7", "12", "4", "8", "14", "4", "9", "19", "10", "12", "7", "20", "14", "1", "0", "1", "1", "1", "0"],
  ["Matthew C Monroe", "1", "2", "1", "0", "2", "0", "0", "1", "2", "1", "1", "3", "0", "2", "2", "0", "0", "0", "0", "0", "0", "2", "0", "1", "1", "0", "0", "0", "1", "0", "0", "0"],
  ["Dawn M Tancredi", "0", "1", "0", "1", "3", "0", "0", "0", "2", "0", "1", "2", "0", "3", "0", "1", "0", "0", "0", "0", "0", "3", "1", "1", "1", "1", "1", "1", "0", "0", "0", "0"],
  ["Christian Dicicco", "1", "2", "1", "2", "0", "1", "1", "1", "0", "0", "0", "0", "0", "0", "1", "0", "0", "1", "0", "0", "1", "0", "1", "0", "1", "0", "1", "0", "0", "0", "0", "1"],
  ["Write In", "0", "0", "0", "0", "0", "0", "0", "0", "0", "0", "0", "0", "0", "0", "0", "0", "0", "0", "0", "0", "0", "0", "0", "0", "0", "0", "1", "0", "0", "0", "1", "0"],
  ["Betsy Wahl", "1", "1", "1", "1", "0", "0", "1", "0", "0", "0", "0", "0", "0", "0", "0", "0", "0", "1", "0", "0", "1", "0", "0", "0", "0", "0", "0", "0", "0", "1", "0", "0"],
  ["Total", "561", "558", "518", "412", "355", "340", "323", "308", "307", "292", "282", "276", "261", "252", "237", "211", "176", "174", "171", "169", "157", "135", "133", "126", "115", "58", "49", "4", "3", "2", "2", "1"]
]
