[
  ["", "Marissa Brumbach", "Matt Wolf", "George Twardy", "Sherman Toppin", "Jon Marshall", "Bill Rice", "Betsy Wahl", "Crystal B Powell"],
  ["Marissa Brumbach", "  371", "450", "620", "138", "92", "31", "0", "1"],
  ["Matt Wolf", "  450", "342", "110", "98", "77", "37", "0", "0"],
  ["George Twardy", "  620", "110", "124", "93", "34", "12", "1", "0"],
  ["Sherman Toppin", "  138", "98", "93", "170", "43", "16", "0", "0"],
  ["Jon Marshall", "   92", "77", "34", "43", "79", "19", "0", "0"],
  ["Bill Rice", "   31", "37", "12", "16", "19", "24", "0", "0"],
  ["Betsy Wahl", "    0", "0", "1", "0", "0", "0", "1", "0"],
  ["Crystal B Powell", "    1", "0", "0", "0", "0", "0", "0", "1"],
  ["Total", "1,703", "1,114", "994", "558", "344", "139", "2", "2"]
]
