[
  ["", "Stella Tsai", "Vikki Kristiansson", "Lucretia C Clemons", "Jennifer Schultz", "Henry Mc Sias", "Deborah Canty", "Wendi Barish", "Zac Shaffer", "Daniel R Sulman", "Leon Goodman", "Deborah Cianfrani", "Shanese Johnson", "Mark B Cohen", "Rania Major", "Crystal B Powell", "John Macoretta", "Vincent Furlong", "David Conroy", "Lawrence J Bozzelli", "Terri M Booker", "Brian Mclaughlin", "Danyl S Patterson", "Leonard Deutchman", "Mark J Moore", "Vincent Melchiorre", "Jon Marshall", "Bill Rice", "Dawn M Tancredi", "Christian Dicicco", "Matthew C Monroe", "Betsy Wahl", "Write In"],
  ["Stella Tsai", "   70", "1,759", "1,453", "1,132", "1,140", "894", "915", "830", "926", "599", "678", "580", "355", "530", "338", "435", "389", "325", "355", "223", "303", "195", "200", "209", "199", "102", "40", "4", "2", "0", "0", "1"],
  ["Vikki Kristiansson", "1,759", "54", "1,413", "1,069", "1,081", "940", "843", "896", "832", "684", "552", "460", "488", "564", "340", "541", "393", "352", "397", "192", "290", "243", "299", "182", "166", "95", "22", "3", "0", "1", "0", "0"],
  ["Lucretia C Clemons", "1,453", "1,413", "20", "1,047", "1,021", "766", "880", "821", "762", "663", "409", "371", "266", "272", "468", "219", "193", "317", "163", "317", "122", "231", "160", "325", "195", "104", "47", "3", "1", "0", "0", "1"],
  ["Jennifer Schultz", "1,132", "1,069", "1,047", "15", "739", "775", "914", "490", "524", "500", "514", "351", "268", "341", "351", "211", "193", "199", "201", "308", "148", "100", "209", "276", "133", "101", "44", "3", "2", "1", "1", "1"],
  ["Henry Mc Sias", "1,140", "1,081", "1,021", "739", "41", "388", "581", "665", "659", "493", "339", "159", "248", "230", "177", "317", "269", "128", "259", "143", "192", "100", "123", "194", "119", "43", "15", "4", "1", "0", "0", "1"],
  ["Deborah Canty", "  894", "940", "766", "775", "388", "30", "677", "433", "319", "456", "418", "436", "353", "372", "334", "231", "214", "251", "197", "235", "183", "203", "257", "208", "103", "121", "53", "3", "1", "2", "1", "0"],
  ["Wendi Barish", "  915", "843", "880", "914", "581", "677", "10", "436", "391", "398", "424", "297", "173", "280", "323", "160", "129", "135", "159", "242", "120", "116", "149", "223", "125", "85", "27", "4", "0", "0", "0", "1"],
  ["Zac Shaffer", "  830", "896", "821", "490", "665", "433", "436", "3", "628", "506", "186", "175", "279", "144", "176", "254", "120", "329", "111", "64", "83", "245", "198", "108", "207", "64", "29", "2", "2", "1", "0", "0"],
  ["Daniel R Sulman", "  926", "832", "762", "524", "659", "319", "391", "628", "6", "425", "171", "170", "178", "87", "112", "209", "167", "240", "125", "52", "99", "108", "116", "78", "153", "40", "13", "3", "2", "1", "0", "0"],
  ["Leon Goodman", "  599", "684", "663", "500", "493", "456", "398", "506", "425", "15", "239", "176", "272", "141", "239", "312", "161", "276", "177", "201", "150", "164", "212", "226", "82", "71", "40", "1", "1", "1", "0", "0"],
  ["Deborah Cianfrani", "  678", "552", "409", "514", "339", "418", "424", "186", "171", "239", "28", "485", "213", "479", "381", "205", "242", "113", "185", "292", "195", "122", "62", "128", "126", "40", "41", "0", "4", "1", "1", "1"],
  ["Shanese Johnson", "  580", "460", "371", "351", "159", "436", "297", "175", "170", "176", "485", "38", "256", "419", "365", "119", "218", "104", "107", "214", "106", "170", "55", "58", "131", "43", "41", "0", "3", "0", "0", "0"],
  ["Mark B Cohen", "  355", "488", "266", "268", "248", "353", "173", "279", "178", "272", "213", "256", "50", "269", "199", "213", "224", "150", "150", "136", "130", "171", "167", "58", "64", "49", "46", "0", "1", "1", "0", "0"],
  ["Rania Major", "  530", "564", "272", "341", "230", "372", "280", "144", "87", "141", "479", "419", "269", "28", "244", "213", "244", "55", "233", "157", "177", "83", "101", "33", "71", "34", "35", "0", "3", "0", "1", "0"],
  ["Crystal B Powell", "  338", "340", "468", "351", "177", "334", "323", "176", "112", "239", "381", "365", "199", "244", "11", "52", "111", "130", "39", "314", "58", "178", "23", "160", "141", "62", "56", "0", "3", "0", "1", "0"],
  ["John Macoretta", "  435", "541", "219", "211", "317", "231", "160", "254", "209", "312", "205", "119", "213", "213", "52", "8", "237", "166", "303", "44", "202", "92", "181", "58", "50", "48", "21", "1", "0", "2", "0", "0"],
  ["Vincent Furlong", "  389", "393", "193", "193", "269", "214", "129", "120", "167", "161", "242", "218", "224", "244", "111", "237", "28", "94", "199", "79", "205", "75", "62", "46", "75", "56", "39", "1", "0", "0", "0", "0"],
  ["David Conroy", "  325", "352", "317", "199", "128", "251", "135", "329", "240", "276", "113", "104", "150", "55", "130", "166", "94", "4", "67", "65", "81", "191", "160", "78", "99", "80", "39", "0", "2", "1", "0", "0"],
  ["Lawrence J Bozzelli", "  355", "397", "163", "201", "259", "197", "159", "111", "125", "177", "185", "107", "150", "233", "39", "303", "199", "67", "9", "37", "207", "22", "122", "57", "37", "52", "15", "1", "0", "0", "0", "0"],
  ["Terri M Booker", "  223", "192", "317", "308", "143", "235", "242", "64", "52", "201", "292", "214", "136", "157", "314", "44", "79", "65", "37", "13", "52", "79", "31", "151", "45", "54", "46", "0", "2", "0", "0", "0"],
  ["Brian Mclaughlin", "  303", "290", "122", "148", "192", "183", "120", "83", "99", "150", "195", "106", "130", "177", "58", "202", "205", "81", "207", "52", "20", "45", "47", "55", "48", "44", "30", "1", "0", "0", "0", "0"],
  ["Danyl S Patterson", "  195", "243", "231", "100", "100", "203", "116", "245", "108", "164", "122", "170", "171", "83", "178", "92", "75", "191", "22", "79", "45", "11", "76", "42", "122", "30", "33", "1", "3", "1", "1", "1"],
  ["Leonard Deutchman", "  200", "299", "160", "209", "123", "257", "149", "198", "116", "212", "62", "55", "167", "101", "23", "181", "62", "160", "122", "31", "47", "76", "2", "61", "42", "56", "11", "1", "0", "2", "0", "0"],
  ["Mark J Moore", "  209", "182", "325", "276", "194", "208", "223", "108", "78", "226", "128", "58", "58", "33", "160", "58", "46", "78", "57", "151", "55", "42", "61", "2", "27", "68", "26", "2", "2", "0", "0", "0"],
  ["Vincent Melchiorre", "  199", "166", "195", "133", "119", "103", "125", "207", "153", "82", "126", "131", "64", "71", "141", "50", "75", "99", "37", "45", "48", "122", "42", "27", "6", "23", "21", "1", "2", "1", "0", "0"],
  ["Jon Marshall", "  102", "95", "104", "101", "43", "121", "85", "64", "40", "71", "40", "43", "49", "34", "62", "48", "56", "80", "52", "54", "44", "30", "56", "68", "23", "5", "32", "0", "1", "0", "1", "0"],
  ["Bill Rice", "   40", "22", "47", "44", "15", "53", "27", "29", "13", "40", "41", "41", "46", "35", "56", "21", "39", "39", "15", "46", "30", "33", "11", "26", "21", "32", "2", "0", "0", "0", "0", "0"],
  ["Dawn M Tancredi", "    4", "3", "3", "3", "4", "3", "4", "2", "3", "1", "0", "0", "0", "0", "0", "1", "1", "0", "1", "0", "1", "1", "1", "2", "1", "0", "0", "0", "0", "0", "0", "0"],
  ["Christian Dicicco", "    2", "0", "1", "2", "1", "1", "0", "2", "2", "1", "4", "3", "1", "3", "3", "0", "0", "2", "0", "2", "0", "3", "0", "2", "2", "1", "0", "0", "0", "0", "1", "0"],
  ["Matthew C Monroe", "    0", "1", "0", "1", "0", "2", "0", "1", "1", "1", "1", "0", "1", "0", "0", "2", "0", "1", "0", "0", "0", "1", "2", "0", "1", "0", "0", "0", "0", "0", "0", "0"],
  ["Betsy Wahl", "    0", "0", "0", "1", "0", "1", "0", "0", "0", "0", "1", "0", "0", "1", "1", "0", "0", "0", "0", "0", "0", "1", "0", "0", "0", "1", "0", "0", "1", "0", "0", "0"],
  ["Write In", "    1", "0", "1", "1", "1", "0", "1", "0", "0", "0", "1", "0", "0", "0", "0", "0", "0", "0", "0", "0", "0", "1", "0", "0", "0", "0", "0", "0", "0", "0", "0", "0"],
  ["Total", "2,336", "2,324", "2,004", "1,561", "1,517", "1,389", "1,268", "1,217", "1,097", "1,096", "1,019", "897", "851", "828", "760", "689", "655", "564", "541", "537", "480", "465", "425", "420", "382", "222", "126", "6", "5", "2", "1", "1"]
]
