[
  ["", "Shanese Johnson", "Vikki Kristiansson", "Deborah Cianfrani", "Stella Tsai", "Leon Goodman", "Lucretia C Clemons", "Zac Shaffer", "Rania Major", "Crystal B Powell", "Vincent Furlong", "David Conroy", "Mark B Cohen", "Brian Mclaughlin", "Danyl S Patterson", "John Macoretta", "Vincent Melchiorre", "Daniel R Sulman", "Deborah Canty", "Lawrence J Bozzelli", "Jennifer Schultz", "Henry Mc Sias", "Wendi Barish", "Terri M Booker", "Mark J Moore", "Jon Marshall", "Leonard Deutchman", "Bill Rice", "Dawn M Tancredi", "Matthew C Monroe", "Betsy Wahl", "Christian Dicicco"],
  ["Shanese Johnson", "35", "177", "248", "183", "145", "184", "165", "120", "166", "86", "128", "93", "60", "102", "68", "91", "98", "76", "52", "66", "40", "57", "66", "33", "26", "18", "21", "0", "2", "0", "1"],
  ["Vikki Kristiansson", "177", "33", "220", "168", "145", "134", "127", "193", "116", "151", "106", "90", "124", "63", "121", "45", "32", "69", "105", "64", "100", "58", "44", "18", "21", "15", "8", "0", "1", "0", "1"],
  ["Deborah Cianfrani", "248", "220", "14", "229", "115", "150", "148", "161", "140", "120", "125", "74", "101", "76", "114", "79", "92", "69", "114", "69", "109", "52", "55", "18", "27", "18", "8", "0", "2", "0", "1"],
  ["Stella Tsai", "183", "168", "229", "39", "73", "110", "117", "147", "74", "114", "89", "75", "104", "104", "121", "98", "123", "51", "103", "55", "99", "61", "31", "14", "13", "14", "7", "0", "2", "0", "0"],
  ["Leon Goodman", "145", "145", "115", "73", "16", "142", "154", "59", "128", "51", "110", "76", "39", "62", "30", "60", "74", "74", "22", "64", "30", "71", "52", "37", "28", "34", "25", "1", "1", "1", "1"],
  ["Lucretia C Clemons", "184", "134", "150", "110", "142", "13", "179", "79", "153", "39", "155", "46", "56", "117", "25", "111", "78", "58", "8", "54", "13", "65", "54", "34", "29", "5", "15", "0", "1", "0", "1"],
  ["Zac Shaffer", "165", "127", "148", "117", "154", "179", "6", "63", "126", "48", "175", "50", "48", "134", "20", "134", "112", "49", "9", "42", "16", "48", "26", "12", "24", "20", "14", "1", "1", "1", "1"],
  ["Rania Major", "120", "193", "161", "147", "59", "79", "63", "21", "51", "147", "43", "72", "122", "48", "112", "39", "33", "56", "111", "58", "103", "47", "26", "24", "22", "12", "11", "0", "0", "0", "0"],
  ["Crystal B Powell", "166", "116", "140", "74", "128", "153", "126", "51", "6", "32", "108", "59", "20", "79", "21", "46", "42", "68", "8", "52", "12", "45", "65", "35", "30", "6", "17", "0", "1", "0", "0"],
  ["Vincent Furlong", "86", "151", "120", "114", "51", "39", "48", "147", "32", "12", "41", "76", "121", "44", "102", "37", "28", "38", "105", "24", "96", "21", "22", "12", "8", "15", "10", "0", "0", "0", "0"],
  ["David Conroy", "128", "106", "125", "89", "110", "155", "175", "43", "108", "41", "0", "35", "30", "119", "12", "96", "72", "26", "6", "13", "5", "23", "16", "10", "13", "7", "8", "1", "2", "0", "1"],
  ["Mark B Cohen", "93", "90", "74", "75", "76", "46", "50", "72", "59", "76", "35", "28", "59", "32", "43", "24", "34", "57", "41", "38", "37", "31", "29", "21", "16", "13", "11", "1", "1", "0", "0"],
  ["Brian Mclaughlin", "60", "124", "101", "104", "39", "56", "48", "122", "20", "121", "30", "59", "13", "36", "90", "37", "18", "26", "94", "20", "81", "18", "13", "7", "10", "10", "6", "0", "0", "0", "0"],
  ["Danyl S Patterson", "102", "63", "76", "104", "62", "117", "134", "48", "79", "44", "119", "32", "36", "6", "14", "100", "81", "42", "2", "18", "3", "34", "22", "20", "15", "2", "13", "1", "1", "0", "0"],
  ["John Macoretta", "68", "121", "114", "121", "30", "25", "20", "112", "21", "102", "12", "43", "90", "14", "16", "18", "27", "29", "101", "28", "98", "16", "17", "8", "7", "17", "10", "0", "0", "0", "0"],
  ["Vincent Melchiorre", "91", "45", "79", "98", "60", "111", "134", "39", "46", "37", "96", "24", "37", "100", "18", "6", "94", "28", "4", "32", "5", "44", "18", "11", "11", "22", "7", "1", "2", "1", "0"],
  ["Daniel R Sulman", "98", "32", "92", "123", "74", "78", "112", "33", "42", "28", "72", "34", "18", "81", "27", "94", "1", "47", "16", "31", "19", "48", "16", "10", "13", "27", "11", "1", "2", "1", "0"],
  ["Deborah Canty", "76", "69", "69", "51", "74", "58", "49", "56", "68", "38", "26", "57", "26", "42", "29", "28", "47", "11", "20", "71", "20", "59", "45", "20", "14", "25", "21", "0", "1", "1", "0"],
  ["Lawrence J Bozzelli", "52", "105", "114", "103", "22", "8", "9", "111", "8", "105", "6", "41", "94", "2", "101", "4", "16", "20", "5", "17", "96", "12", "8", "4", "4", "10", "6", "0", "0", "0", "0"],
  ["Jennifer Schultz", "66", "64", "69", "55", "64", "54", "42", "58", "52", "24", "13", "38", "20", "18", "28", "32", "31", "71", "17", "6", "20", "65", "35", "20", "11", "22", "10", "0", "1", "1", "0"],
  ["Henry Mc Sias", "40", "100", "109", "99", "30", "13", "16", "103", "12", "96", "5", "37", "81", "3", "98", "5", "19", "20", "96", "20", "4", "10", "16", "13", "7", "14", "7", "0", "0", "0", "0"],
  ["Wendi Barish", "57", "58", "52", "61", "71", "65", "48", "47", "45", "21", "23", "31", "18", "34", "16", "44", "48", "59", "12", "65", "10", "1", "32", "17", "7", "16", "4", "1", "1", "1", "0"],
  ["Terri M Booker", "66", "44", "55", "31", "52", "54", "26", "26", "65", "22", "16", "29", "13", "22", "17", "18", "16", "45", "8", "35", "16", "32", "11", "31", "15", "11", "18", "0", "0", "0", "0"],
  ["Mark J Moore", "33", "18", "18", "14", "37", "34", "12", "24", "35", "12", "10", "21", "7", "20", "8", "11", "10", "20", "4", "20", "13", "17", "31", "1", "18", "3", "10", "0", "0", "0", "0"],
  ["Jon Marshall", "26", "21", "27", "13", "28", "29", "24", "22", "30", "8", "13", "16", "10", "15", "7", "11", "13", "14", "4", "11", "7", "7", "15", "18", "3", "5", "14", "0", "0", "0", "0"],
  ["Leonard Deutchman", "18", "15", "18", "14", "34", "5", "20", "12", "6", "15", "7", "13", "10", "2", "17", "22", "27", "25", "10", "22", "14", "16", "11", "3", "5", "0", "7", "1", "1", "1", "1"],
  ["Bill Rice", "21", "8", "8", "7", "25", "15", "14", "11", "17", "10", "8", "11", "6", "13", "10", "7", "11", "21", "6", "10", "7", "4", "18", "10", "14", "7", "1", "0", "0", "0", "0"],
  ["Dawn M Tancredi", "0", "0", "0", "0", "1", "0", "1", "0", "0", "0", "1", "1", "0", "1", "0", "1", "1", "0", "0", "0", "0", "1", "0", "0", "0", "1", "0", "1", "1", "0", "0"],
  ["Matthew C Monroe", "2", "1", "2", "2", "1", "1", "1", "0", "1", "0", "2", "1", "0", "1", "0", "2", "2", "1", "0", "1", "0", "1", "0", "0", "0", "1", "0", "1", "0", "0", "0"],
  ["Betsy Wahl", "0", "0", "0", "0", "1", "0", "1", "0", "0", "0", "0", "0", "0", "0", "0", "1", "1", "1", "0", "1", "0", "1", "0", "0", "0", "1", "0", "0", "0", "0", "0"],
  ["Christian Dicicco", "1", "1", "1", "0", "1", "1", "1", "0", "0", "0", "1", "0", "0", "0", "0", "0", "0", "0", "0", "0", "0", "0", "0", "0", "0", "1", "0", "0", "0", "0", "0"],
  ["Total", "436", "424", "412", "383", "313", "311", "292", "289", "248", "228", "218", "212", "201", "194", "193", "182", "179", "175", "148", "147", "146", "132", "124", "64", "62", "53", "44", "3", "3", "1", "1"]
]
