[
  ["", "Lucretia C Clemons", "Shanese Johnson", "Stella Tsai", "Deborah Cianfrani", "Mark B Cohen", "Deborah Canty", "Zac Shaffer", "Rania Major", "Vikki Kristiansson", "Crystal B Powell", "Daniel R Sulman", "Vincent Melchiorre", "Danyl S Patterson", "Vincent Furlong", "Leon Goodman", "Jennifer Schultz", "John Macoretta", "Brian Mclaughlin", "David Conroy", "Lawrence J Bozzelli", "Wendi Barish", "Henry Mc Sias", "Terri M Booker", "Mark J Moore", "Leonard Deutchman", "Jon Marshall", "Bill Rice", "Matthew C Monroe", "Christian Dicicco", "Dawn M Tancredi", "Betsy Wahl", "Write In"],
  ["Lucretia C Clemons", "68", "498", "426", "364", "267", "332", "396", "174", "188", "359", "347", "352", "340", "139", "210", "176", "102", "93", "266", "58", "159", "67", "173", "156", "46", "60", "64", "2", "5", "3", "0", "0"],
  ["Shanese Johnson", "498", "57", "507", "505", "310", "312", "294", "290", "234", "347", "271", "273", "313", "205", "185", "174", "158", "139", "231", "111", "141", "112", "169", "115", "42", "53", "57", "2", "3", "2", "1", "0"],
  ["Stella Tsai", "426", "507", "63", "588", "269", "263", "299", "325", "295", "235", "315", "273", "247", "218", "150", "204", "204", "192", "226", "176", "193", "204", "111", "91", "54", "43", "35", "6", "3", "2", "1", "0"],
  ["Deborah Cianfrani", "364", "505", "588", "18", "255", "218", "254", "307", "240", "230", "274", "259", "232", "205", "112", "173", "189", "184", "200", "187", "134", "180", "122", "66", "41", "39", "33", "4", "2", "3", "1", "0"],
  ["Mark B Cohen", "267", "310", "269", "255", "92", "292", "150", "273", "235", "212", "121", "108", "133", "194", "196", "187", "161", "187", "108", "152", "100", "143", "132", "86", "88", "49", "56", "1", "1", "3", "0", "0"],
  ["Deborah Canty", "332", "312", "263", "218", "292", "29", "130", "230", "227", "250", "133", "105", "152", "125", "197", "246", "75", "102", "97", "92", "190", "78", "164", "114", "88", "57", "46", "3", "3", "5", "0", "0"],
  ["Zac Shaffer", "396", "294", "299", "254", "150", "130", "17", "82", "140", "179", "353", "355", "255", "92", "129", "80", "89", "53", "260", "43", "67", "40", "39", "52", "39", "23", "17", "2", "3", "0", "1", "0"],
  ["Rania Major", "174", "290", "325", "307", "273", "230", "82", "23", "273", "142", "90", "56", "68", "204", "130", "164", "188", "191", "41", "213", "111", "196", "94", "56", "64", "38", "31", "6", "2", "3", "0", "0"],
  ["Vikki Kristiansson", "188", "234", "295", "240", "235", "227", "140", "273", "18", "144", "92", "76", "111", "225", "119", "175", "227", "139", "103", "187", "129", "185", "64", "55", "77", "20", "15", "3", "3", "1", "0", "0"],
  ["Crystal B Powell", "359", "347", "235", "230", "212", "250", "179", "142", "144", "7", "151", "141", "235", "93", "166", "135", "48", "73", "146", "33", "106", "30", "173", "102", "23", "50", "48", "0", "1", "1", "1", "0"],
  ["Daniel R Sulman", "347", "271", "315", "274", "121", "133", "353", "90", "92", "151", "9", "324", "206", "58", "92", "86", "44", "49", "202", "45", "74", "46", "51", "51", "35", "31", "20", "4", "3", "2", "0", "0"],
  ["Vincent Melchiorre", "352", "273", "273", "259", "108", "105", "355", "56", "76", "141", "324", "5", "220", "70", "78", "41", "62", "48", "202", "29", "55", "20", "37", "38", "29", "28", "16", "0", "2", "1", "0", "0"],
  ["Danyl S Patterson", "340", "313", "247", "232", "133", "152", "255", "68", "111", "235", "206", "220", "6", "81", "139", "45", "56", "36", "249", "15", "43", "20", "69", "64", "22", "34", "21", "1", "3", "1", "0", "0"],
  ["Vincent Furlong", "139", "205", "218", "205", "194", "125", "92", "204", "225", "93", "58", "70", "81", "11", "118", "68", "212", "159", "86", "160", "52", "165", "52", "42", "28", "20", "32", "1", "0", "1", "0", "0"],
  ["Leon Goodman", "210", "185", "150", "112", "196", "197", "129", "130", "119", "166", "92", "78", "139", "118", "14", "102", "72", "90", "71", "61", "95", "72", "115", "113", "57", "47", "44", "3", "0", "4", "0", "0"],
  ["Jennifer Schultz", "176", "174", "204", "173", "187", "246", "80", "164", "175", "135", "86", "41", "45", "68", "102", "5", "60", "75", "42", "62", "181", "99", "101", "68", "69", "40", "30", "2", "2", "4", "0", "0"],
  ["John Macoretta", "102", "158", "204", "189", "161", "75", "89", "188", "227", "48", "44", "62", "56", "212", "72", "60", "12", "145", "60", "182", "46", "174", "34", "29", "49", "32", "16", "6", "1", "2", "0", "0"],
  ["Brian Mclaughlin", "93", "139", "192", "184", "187", "102", "53", "191", "139", "73", "49", "48", "36", "159", "90", "75", "145", "27", "30", "152", "50", "132", "59", "47", "28", "36", "28", "0", "0", "2", "0", "0"],
  ["David Conroy", "266", "231", "226", "200", "108", "97", "260", "41", "103", "146", "202", "202", "249", "86", "71", "42", "60", "30", "1", "33", "28", "16", "26", "35", "26", "20", "19", "0", "2", "0", "0", "0"],
  ["Lawrence J Bozzelli", "58", "111", "176", "187", "152", "92", "43", "213", "187", "33", "45", "29", "15", "160", "61", "62", "182", "152", "33", "9", "47", "179", "30", "22", "62", "20", "11", "2", "1", "1", "0", "0"],
  ["Wendi Barish", "159", "141", "193", "134", "100", "190", "67", "111", "129", "106", "74", "55", "43", "52", "95", "181", "46", "50", "28", "47", "5", "65", "81", "61", "35", "24", "15", "2", "1", "2", "0", "0"],
  ["Henry Mc Sias", "67", "112", "204", "180", "143", "78", "40", "196", "185", "30", "46", "20", "20", "165", "72", "99", "174", "132", "16", "179", "65", "2", "32", "38", "53", "20", "10", "3", "1", "1", "0", "0"],
  ["Terri M Booker", "173", "169", "111", "122", "132", "164", "39", "94", "64", "173", "51", "37", "69", "52", "115", "101", "34", "59", "26", "30", "81", "32", "14", "84", "15", "43", "40", "1", "0", "1", "0", "0"],
  ["Mark J Moore", "156", "115", "91", "66", "86", "114", "52", "56", "55", "102", "51", "38", "64", "42", "113", "68", "29", "47", "35", "22", "61", "38", "84", "13", "18", "39", "28", "2", "2", "1", "0", "0"],
  ["Leonard Deutchman", "46", "42", "54", "41", "88", "88", "39", "64", "77", "23", "35", "29", "22", "28", "57", "69", "49", "28", "26", "62", "35", "53", "15", "18", "2", "19", "8", "1", "1", "2", "0", "0"],
  ["Jon Marshall", "60", "53", "43", "39", "49", "57", "23", "38", "20", "50", "31", "28", "34", "20", "47", "40", "32", "36", "20", "20", "24", "20", "43", "39", "19", "1", "21", "1", "0", "0", "1", "0"],
  ["Bill Rice", "64", "57", "35", "33", "56", "46", "17", "31", "15", "48", "20", "16", "21", "32", "44", "30", "16", "28", "19", "11", "15", "10", "40", "28", "8", "21", "1", "2", "1", "1", "0", "0"],
  ["Matthew C Monroe", "2", "2", "6", "4", "1", "3", "2", "6", "3", "0", "4", "0", "1", "1", "3", "2", "6", "0", "0", "2", "2", "3", "1", "2", "1", "1", "2", "0", "1", "1", "0", "0"],
  ["Christian Dicicco", "5", "3", "3", "2", "1", "3", "3", "2", "3", "1", "3", "2", "3", "0", "0", "2", "1", "0", "2", "1", "1", "1", "0", "2", "1", "0", "1", "1", "0", "0", "0", "0"],
  ["Dawn M Tancredi", "3", "2", "2", "3", "3", "5", "0", "3", "1", "1", "2", "1", "1", "1", "4", "4", "2", "2", "0", "1", "2", "1", "1", "1", "2", "0", "1", "1", "0", "0", "0", "0"],
  ["Betsy Wahl", "0", "1", "1", "1", "0", "0", "1", "0", "0", "1", "0", "0", "0", "0", "0", "0", "0", "0", "0", "0", "0", "0", "0", "0", "0", "1", "0", "0", "0", "0", "0", "0"],
  ["Write In", "0", "0", "0", "0", "0", "0", "0", "0", "0", "0", "0", "0", "0", "0", "0", "0", "0", "0", "0", "0", "0", "0", "0", "0", "0", "0", "0", "0", "0", "0", "0", "1"],
  ["Total", "975", "958", "943", "805", "796", "672", "605", "588", "575", "550", "540", "499", "471", "443", "440", "418", "392", "390", "385", "330", "322", "320", "313", "266", "160", "127", "108", "9", "8", "7", "1", "1"]
]
