[
  ["", "Vikki Kristiansson", "Stella Tsai", "Deborah Cianfrani", "Shanese Johnson", "Rania Major", "Vincent Furlong", "Deborah Canty", "Lawrence J Bozzelli", "Leon Goodman", "Henry Mc Sias", "Jennifer Schultz", "Mark B Cohen", "Lucretia C Clemons", "Zac Shaffer", "John Macoretta", "Wendi Barish", "Vincent Melchiorre", "Brian Mclaughlin", "David Conroy", "Daniel R Sulman", "Crystal B Powell", "Terri M Booker", "Danyl S Patterson", "Mark J Moore", "Leonard Deutchman", "Jon Marshall", "Bill Rice", "Matthew C Monroe", "Betsy Wahl", "Dawn M Tancredi"],
  ["Vikki Kristiansson", "19", "329", "298", "218", "287", "198", "192", "226", "112", "202", "166", "123", "161", "178", "192", "163", "106", "144", "130", "123", "92", "47", "59", "33", "42", "24", "11", "1", "0", "0"],
  ["Stella Tsai", "329", "47", "248", "166", "215", "166", "175", "171", "82", "207", "171", "95", "141", "89", "171", "169", "55", "141", "56", "85", "81", "50", "36", "37", "38", "22", "15", "3", "0", "1"],
  ["Deborah Cianfrani", "298", "248", "27", "235", "289", "199", "133", "215", "88", "148", "123", "123", "105", "108", "164", "106", "125", "144", "86", "91", "103", "72", "35", "37", "23", "21", "15", "2", "1", "1"],
  ["Shanese Johnson", "218", "166", "235", "29", "229", "126", "138", "138", "98", "72", "92", "121", "106", "97", "94", "90", "94", "72", "67", "91", "108", "77", "50", "38", "16", "14", "21", "2", "0", "1"],
  ["Rania Major", "287", "215", "289", "229", "11", "176", "110", "201", "70", "123", "96", "104", "81", "107", "150", "85", "101", "143", "82", "92", "81", "56", "37", "22", "18", "18", "16", "1", "0", "0"],
  ["Vincent Furlong", "198", "166", "199", "126", "176", "37", "87", "159", "90", "138", "59", "123", "58", "61", "161", "57", "76", "147", "75", "51", "49", "37", "50", "34", "33", "24", "22", "1", "0", "0"],
  ["Deborah Canty", "192", "175", "133", "138", "110", "87", "16", "71", "133", "69", "176", "98", "137", "99", "49", "164", "67", "46", "67", "76", "109", "71", "57", "40", "56", "37", "23", "1", "0", "0"],
  ["Lawrence J Bozzelli", "226", "171", "215", "138", "201", "159", "71", "13", "59", "139", "64", "87", "47", "97", "182", "58", "95", "146", "70", "80", "22", "14", "16", "26", "40", "22", "11", "1", "1", "0"],
  ["Leon Goodman", "112", "82", "88", "98", "70", "90", "133", "59", "12", "64", "87", "103", "118", "112", "59", "96", "71", "56", "81", "72", "95", "58", "62", "56", "63", "20", "21", "0", "0", "0"],
  ["Henry Mc Sias", "202", "207", "148", "72", "123", "138", "69", "139", "64", "13", "85", "65", "87", "71", "141", "84", "28", "124", "27", "57", "30", "25", "21", "31", "21", "11", "6", "2", "0", "1"],
  ["Jennifer Schultz", "166", "171", "123", "92", "96", "59", "176", "64", "87", "85", "7", "71", "114", "79", "42", "186", "65", "56", "41", "68", "78", "57", "19", "42", "57", "31", "10", "3", "0", "1"],
  ["Mark B Cohen", "123", "95", "123", "121", "104", "123", "98", "87", "103", "65", "71", "24", "60", "80", "86", "51", "65", "79", "52", "53", "68", "45", "49", "33", "29", "21", "20", "1", "1", "0"],
  ["Lucretia C Clemons", "161", "141", "105", "106", "81", "58", "137", "47", "118", "87", "114", "60", "6", "108", "26", "135", "60", "40", "71", "60", "109", "65", "59", "55", "32", "21", "18", "0", "0", "0"],
  ["Zac Shaffer", "178", "89", "108", "97", "107", "61", "99", "97", "112", "71", "79", "80", "108", "13", "41", "79", "124", "45", "111", "128", "56", "17", "55", "24", "53", "16", "5", "0", "0", "1"],
  ["John Macoretta", "192", "171", "164", "94", "150", "161", "49", "182", "59", "141", "42", "86", "26", "41", "16", "38", "51", "138", "36", "46", "15", "15", "15", "22", "27", "13", "9", "1", "0", "0"],
  ["Wendi Barish", "163", "169", "106", "90", "85", "57", "164", "58", "96", "84", "186", "51", "135", "79", "38", "5", "58", "44", "44", "73", "74", "54", "24", "45", "55", "24", "12", "2", "1", "1"],
  ["Vincent Melchiorre", "106", "55", "125", "94", "101", "76", "67", "95", "71", "28", "65", "65", "60", "124", "51", "58", "27", "51", "93", "107", "32", "15", "38", "14", "36", "13", "14", "0", "0", "0"],
  ["Brian Mclaughlin", "144", "141", "144", "72", "143", "147", "46", "146", "56", "124", "56", "79", "40", "45", "138", "44", "51", "18", "44", "35", "28", "23", "26", "29", "31", "21", "15", "1", "0", "1"],
  ["David Conroy", "130", "56", "86", "67", "82", "75", "67", "70", "81", "27", "41", "52", "71", "111", "36", "44", "93", "44", "28", "65", "54", "22", "52", "23", "26", "18", "11", "0", "2", "0"],
  ["Daniel R Sulman", "123", "85", "91", "91", "92", "51", "76", "80", "72", "57", "68", "53", "60", "128", "46", "73", "107", "35", "65", "7", "28", "22", "28", "23", "38", "11", "7", "1", "0", "0"],
  ["Crystal B Powell", "92", "81", "103", "108", "81", "49", "109", "22", "95", "30", "78", "68", "109", "56", "15", "74", "32", "28", "54", "28", "9", "73", "60", "38", "18", "18", "24", "1", "0", "0"],
  ["Terri M Booker", "47", "50", "72", "77", "56", "37", "71", "14", "58", "25", "57", "45", "65", "17", "15", "54", "15", "23", "22", "22", "73", "7", "30", "39", "9", "13", "14", "0", "0", "0"],
  ["Danyl S Patterson", "59", "36", "35", "50", "37", "50", "57", "16", "62", "21", "19", "49", "59", "55", "15", "24", "38", "26", "52", "28", "60", "30", "6", "20", "9", "11", "9", "1", "0", "0"],
  ["Mark J Moore", "33", "37", "37", "38", "22", "34", "40", "26", "56", "31", "42", "33", "55", "24", "22", "45", "14", "29", "23", "23", "38", "39", "20", "2", "19", "23", "16", "0", "0", "0"],
  ["Leonard Deutchman", "42", "38", "23", "16", "18", "33", "56", "40", "63", "21", "57", "29", "32", "53", "27", "55", "36", "31", "26", "38", "18", "9", "9", "19", "2", "15", "10", "0", "0", "0"],
  ["Jon Marshall", "24", "22", "21", "14", "18", "24", "37", "22", "20", "11", "31", "21", "21", "16", "13", "24", "13", "21", "18", "11", "18", "13", "11", "23", "15", "6", "12", "0", "0", "0"],
  ["Bill Rice", "11", "15", "15", "21", "16", "22", "23", "11", "21", "6", "10", "20", "18", "5", "9", "12", "14", "15", "11", "7", "24", "14", "9", "16", "10", "12", "1", "0", "0", "0"],
  ["Matthew C Monroe", "1", "3", "2", "2", "1", "1", "1", "1", "0", "2", "3", "1", "0", "0", "1", "2", "0", "1", "0", "1", "1", "0", "1", "0", "0", "0", "0", "0", "0", "1"],
  ["Betsy Wahl", "0", "0", "1", "0", "0", "0", "0", "1", "0", "0", "0", "1", "0", "0", "0", "1", "0", "0", "2", "0", "0", "0", "0", "0", "0", "0", "0", "0", "0", "0"],
  ["Dawn M Tancredi", "0", "1", "1", "1", "0", "0", "0", "0", "0", "1", "1", "0", "0", "1", "0", "1", "0", "1", "0", "0", "0", "0", "0", "0", "0", "0", "0", "1", "0", "0"],
  ["Total", "570", "510", "507", "427", "424", "395", "373", "362", "317", "314", "311", "309", "308", "308", "299", "296", "285", "282", "249", "234", "226", "153", "140", "116", "114", "76", "51", "4", "2", "2"]
]
