[
  ["", "Ellen Ceisler", "Joe Cosgrove", "Todd Eagen", "Timothy Barry", "Irene M Clark", "Bryan Barbin"],
  ["Ellen Ceisler", "  649", "748", "781", "306", "311", "19"],
  ["Joe Cosgrove", "  748", "150", "84", "192", "22", "17"],
  ["Todd Eagen", "  781", "84", "37", "25", "11", "1"],
  ["Timothy Barry", "  306", "192", "25", "173", "22", "4"],
  ["Irene M Clark", "  311", "22", "11", "22", "26", "9"],
  ["Bryan Barbin", "   19", "17", "1", "4", "9", "1"],
  ["Total", "2,814", "1,213", "939", "722", "401", "51"]
]
