[
  ["", "Marissa Brumbach", "Matt Wolf", "George Twardy", "Jon Marshall", "Sherman Toppin", "Bill Rice", "Crystal B Powell"],
  ["Marissa Brumbach", "204", "328", "191", "67", "57", "32", "0"],
  ["Matt Wolf", "328", "240", "103", "78", "47", "40", "0"],
  ["George Twardy", "191", "103", "224", "18", "26", "11", "1"],
  ["Jon Marshall", "67", "78", "18", "25", "12", "19", "0"],
  ["Sherman Toppin", "57", "47", "26", "12", "27", "11", "0"],
  ["Bill Rice", "32", "40", "11", "19", "11", "25", "0"],
  ["Crystal B Powell", "0", "0", "1", "0", "0", "0", "0"],
  ["Total", "879", "836", "574", "219", "180", "138", "1"]
]
