[
  ["", "Marissa Brumbach", "Matt Wolf", "George Twardy", "Sherman Toppin", "Jon Marshall", "Bill Rice", "Christian Dicicco", "Crystal B Powell"],
  ["Marissa Brumbach", "  726", "874", "562", "305", "314", "80", "0", "1"],
  ["Matt Wolf", "  874", "273", "157", "90", "117", "33", "0", "0"],
  ["George Twardy", "  562", "157", "251", "68", "53", "22", "0", "0"],
  ["Sherman Toppin", "  305", "90", "68", "128", "37", "24", "0", "0"],
  ["Jon Marshall", "  314", "117", "53", "37", "50", "21", "1", "0"],
  ["Bill Rice", "   80", "33", "22", "24", "21", "36", "0", "0"],
  ["Christian Dicicco", "    0", "0", "0", "0", "1", "0", "0", "0"],
  ["Crystal B Powell", "    1", "0", "0", "0", "0", "0", "0", "0"],
  ["Total", "2,862", "1,544", "1,113", "652", "593", "216", "1", "1"]
]
