[
  ["", "Vikki Kristiansson", "Stella Tsai", "Lucretia C Clemons", "Jennifer Schultz", "Henry Mc Sias", "Deborah Canty", "Leon Goodman", "John Macoretta", "Daniel R Sulman", "Zac Shaffer", "Wendi Barish", "Deborah Cianfrani", "Rania Major", "Lawrence J Bozzelli", "Shanese Johnson", "Mark B Cohen", "Brian Mclaughlin", "Vincent Furlong", "David Conroy", "Crystal B Powell", "Leonard Deutchman", "Mark J Moore", "Terri M Booker", "Vincent Melchiorre", "Jon Marshall", "Danyl S Patterson", "Bill Rice", "Dawn M Tancredi", "Christian Dicicco", "Matthew C Monroe", "Write In"],
  ["Vikki Kristiansson", "   40", "1,712", "1,425", "1,361", "1,365", "1,261", "1,195", "1,175", "1,068", "673", "548", "376", "337", "296", "285", "231", "237", "226", "155", "148", "146", "109", "109", "89", "72", "75", "27", "2", "3", "1", "2"],
  ["Stella Tsai", "1,712", "40", "1,352", "1,374", "1,320", "1,238", "1,102", "1,082", "1,089", "652", "551", "390", "330", "305", "275", "218", "240", "220", "122", "115", "126", "110", "115", "106", "71", "62", "27", "2", "2", "0", "2"],
  ["Lucretia C Clemons", "1,425", "1,352", "9", "1,163", "1,156", "1,066", "1,088", "926", "935", "542", "454", "189", "135", "150", "181", "138", "102", "99", "156", "152", "104", "140", "91", "83", "76", "78", "33", "0", "1", "0", "1"],
  ["Jennifer Schultz", "1,361", "1,374", "1,163", "6", "1,055", "1,182", "975", "917", "908", "434", "519", "264", "215", "160", "216", "152", "116", "95", "79", "115", "129", "123", "110", "66", "79", "27", "21", "1", "2", "2", "1"],
  ["Henry Mc Sias", "1,365", "1,320", "1,156", "1,055", "22", "923", "1,041", "1,058", "971", "441", "279", "165", "143", "193", "97", "159", "153", "156", "60", "39", "69", "79", "33", "76", "38", "39", "16", "3", "0", "1", "2"],
  ["Deborah Canty", "1,261", "1,238", "1,066", "1,182", "923", "10", "927", "862", "849", "394", "449", "242", "200", "175", "207", "123", "114", "111", "97", "126", "131", "106", "110", "44", "75", "48", "31", "3", "2", "2", "1"],
  ["Leon Goodman", "1,195", "1,102", "1,088", "975", "1,041", "927", "8", "966", "911", "415", "238", "144", "104", "140", "127", "139", "133", "126", "125", "82", "117", "109", "54", "72", "44", "33", "29", "1", "1", "2", "1"],
  ["John Macoretta", "1,175", "1,082", "926", "917", "1,058", "862", "966", "12", "836", "258", "149", "156", "139", "211", "88", "120", "163", "161", "45", "23", "68", "47", "24", "39", "34", "12", "12", "4", "0", "1", "1"],
  ["Daniel R Sulman", "1,068", "1,089", "935", "908", "971", "849", "911", "836", "3", "368", "210", "81", "73", "97", "80", "124", "79", "72", "73", "36", "74", "40", "28", "65", "30", "39", "22", "2", "0", "1", "0"],
  ["Zac Shaffer", "  673", "652", "542", "434", "441", "394", "415", "258", "368", "63", "328", "177", "183", "170", "167", "224", "169", "130", "148", "105", "95", "96", "68", "111", "71", "77", "35", "0", "1", "1", "0"],
  ["Wendi Barish", "  548", "551", "454", "519", "279", "449", "238", "149", "210", "328", "3", "234", "166", "151", "167", "110", "103", "94", "86", "110", "117", "104", "97", "51", "64", "28", "12", "1", "1", "1", "0"],
  ["Deborah Cianfrani", "  376", "390", "189", "264", "165", "242", "144", "156", "81", "177", "234", "8", "286", "152", "236", "141", "146", "128", "43", "128", "35", "39", "100", "40", "19", "21", "16", "1", "1", "0", "0"],
  ["Rania Major", "  337", "330", "135", "215", "143", "200", "104", "139", "73", "183", "166", "286", "27", "154", "214", "141", "138", "128", "30", "82", "38", "14", "73", "51", "21", "33", "19", "0", "1", "0", "0"],
  ["Lawrence J Bozzelli", "  296", "305", "150", "160", "193", "175", "140", "211", "97", "170", "151", "152", "154", "8", "77", "97", "180", "154", "67", "21", "104", "48", "22", "49", "42", "11", "19", "0", "0", "0", "0"],
  ["Shanese Johnson", "  285", "275", "181", "216", "97", "207", "127", "88", "80", "167", "167", "236", "214", "77", "15", "114", "76", "88", "32", "121", "24", "22", "90", "38", "20", "43", "20", "0", "2", "1", "0"],
  ["Mark B Cohen", "  231", "218", "138", "152", "159", "123", "139", "120", "124", "224", "110", "141", "141", "97", "114", "17", "105", "92", "34", "47", "43", "20", "46", "44", "16", "45", "23", "1", "0", "0", "0"],
  ["Brian Mclaughlin", "  237", "240", "102", "116", "153", "114", "133", "163", "79", "169", "103", "146", "138", "180", "76", "105", "6", "166", "59", "24", "52", "52", "32", "57", "36", "20", "29", "1", "0", "0", "0"],
  ["Vincent Furlong", "  226", "220", "99", "95", "156", "111", "126", "161", "72", "130", "94", "128", "128", "154", "88", "92", "166", "9", "56", "30", "45", "28", "24", "47", "19", "22", "19", "0", "1", "0", "0"],
  ["David Conroy", "  155", "122", "156", "79", "60", "97", "125", "45", "73", "148", "86", "43", "30", "67", "32", "34", "59", "56", "8", "42", "57", "50", "23", "41", "27", "24", "22", "2", "1", "0", "0"],
  ["Crystal B Powell", "  148", "115", "152", "115", "39", "126", "82", "23", "36", "105", "110", "128", "82", "21", "121", "47", "24", "30", "42", "4", "9", "36", "86", "25", "20", "43", "22", "0", "0", "0", "0"],
  ["Leonard Deutchman", "  146", "126", "104", "129", "69", "131", "117", "68", "74", "95", "117", "35", "38", "104", "24", "43", "52", "45", "57", "9", "2", "51", "10", "22", "40", "4", "6", "1", "0", "1", "0"],
  ["Mark J Moore", "  109", "110", "140", "123", "79", "106", "109", "47", "40", "96", "104", "39", "14", "48", "22", "20", "52", "28", "50", "36", "51", "0", "37", "20", "54", "15", "20", "0", "0", "0", "0"],
  ["Terri M Booker", "  109", "115", "91", "110", "33", "110", "54", "24", "28", "68", "97", "100", "73", "22", "90", "46", "32", "24", "23", "86", "10", "37", "1", "17", "20", "22", "30", "1", "0", "0", "0"],
  ["Vincent Melchiorre", "   89", "106", "83", "66", "76", "44", "72", "39", "65", "111", "51", "40", "51", "49", "38", "44", "57", "47", "41", "25", "22", "20", "17", "4", "16", "20", "14", "0", "1", "1", "0"],
  ["Jon Marshall", "   72", "71", "76", "79", "38", "75", "44", "34", "30", "71", "64", "19", "21", "42", "20", "16", "36", "19", "27", "20", "40", "54", "20", "16", "3", "10", "18", "0", "0", "0", "0"],
  ["Danyl S Patterson", "   75", "62", "78", "27", "39", "48", "33", "12", "39", "77", "28", "21", "33", "11", "43", "45", "20", "22", "24", "43", "4", "15", "22", "20", "10", "2", "15", "1", "2", "0", "0"],
  ["Bill Rice", "   27", "27", "33", "21", "16", "31", "29", "12", "22", "35", "12", "16", "19", "19", "20", "23", "29", "19", "22", "22", "6", "20", "30", "14", "18", "15", "2", "0", "0", "0", "0"],
  ["Dawn M Tancredi", "    2", "2", "0", "1", "3", "3", "1", "4", "2", "0", "1", "1", "0", "0", "0", "1", "1", "0", "2", "0", "1", "0", "1", "0", "0", "1", "0", "0", "0", "0", "0"],
  ["Christian Dicicco", "    3", "2", "1", "2", "0", "2", "1", "0", "0", "1", "1", "1", "1", "0", "2", "0", "0", "1", "1", "0", "0", "0", "0", "1", "0", "2", "0", "0", "0", "0", "0"],
  ["Matthew C Monroe", "    1", "0", "0", "2", "1", "2", "2", "1", "1", "1", "1", "0", "0", "0", "1", "0", "0", "0", "0", "0", "1", "0", "0", "1", "0", "0", "0", "0", "0", "0", "0"],
  ["Write In", "    2", "2", "1", "1", "2", "1", "1", "1", "0", "0", "0", "0", "0", "0", "0", "0", "0", "0", "0", "0", "0", "0", "0", "0", "0", "0", "0", "0", "0", "0", "0"],
  ["Total", "2,140", "2,044", "1,679", "1,604", "1,573", "1,474", "1,432", "1,316", "1,211", "1,060", "745", "558", "515", "459", "456", "440", "403", "362", "256", "248", "238", "211", "202", "195", "144", "130", "79", "5", "3", "2", "2"]
]
