[
  ["", "Vincent Furlong", "Brian Mclaughlin", "Vincent Melchiorre", "Vikki Kristiansson", "Zac Shaffer", "Stella Tsai", "Mark B Cohen", "David Conroy", "Deborah Cianfrani", "Wendi Barish", "Deborah Canty", "Jennifer Schultz", "Rania Major", "Lawrence J Bozzelli", "Daniel R Sulman", "Leon Goodman", "John Macoretta", "Lucretia C Clemons", "Shanese Johnson", "Henry Mc Sias", "Crystal B Powell", "Terri M Booker", "Leonard Deutchman", "Bill Rice", "Jon Marshall", "Mark J Moore", "Danyl S Patterson", "Christian Dicicco", "Dawn M Tancredi", "Matthew C Monroe"],
  ["Vincent Furlong", "51", "275", "277", "250", "225", "234", "215", "219", "196", "144", "116", "101", "123", "137", "130", "127", "146", "106", "95", "100", "55", "42", "44", "44", "31", "35", "24", "0", "1", "0"],
  ["Brian Mclaughlin", "275", "57", "195", "190", "132", "196", "193", "139", "215", "87", "121", "119", "112", "165", "87", "99", "141", "54", "77", "102", "40", "40", "53", "51", "46", "34", "28", "0", "0", "0"],
  ["Vincent Melchiorre", "277", "195", "17", "141", "313", "141", "140", "291", "117", "115", "77", "60", "54", "84", "115", "70", "66", "95", "48", "26", "26", "25", "46", "39", "20", "18", "24", "0", "1", "0"],
  ["Vikki Kristiansson", "250", "190", "141", "16", "170", "287", "141", "148", "194", "189", "158", "143", "149", "125", "119", "92", "128", "128", "120", "113", "80", "53", "36", "17", "13", "28", "27", "0", "0", "2"],
  ["Zac Shaffer", "225", "132", "313", "170", "7", "141", "142", "274", "82", "142", "100", "79", "59", "67", "130", "113", "53", "103", "40", "38", "55", "28", "30", "28", "31", "27", "36", "1", "1", "1"],
  ["Stella Tsai", "234", "196", "141", "287", "141", "21", "126", "116", "211", "169", "152", "146", "158", "124", "111", "88", "118", "123", "125", "113", "64", "45", "34", "21", "16", "29", "27", "1", "0", "1"],
  ["Mark B Cohen", "215", "193", "140", "141", "142", "126", "40", "110", "161", "105", "107", "111", "118", "100", "88", "120", "93", "67", "81", "61", "64", "50", "47", "41", "33", "36", "32", "1", "2", "1"],
  ["David Conroy", "219", "139", "291", "148", "274", "116", "110", "8", "67", "94", "73", "52", "32", "55", "91", "71", "56", "95", "36", "22", "40", "25", "40", "34", "24", "25", "32", "0", "1", "1"],
  ["Deborah Cianfrani", "196", "215", "117", "194", "82", "211", "161", "67", "14", "117", "136", "148", "156", "135", "59", "59", "115", "54", "102", "83", "64", "59", "31", "30", "21", "22", "22", "0", "1", "1"],
  ["Wendi Barish", "144", "87", "115", "189", "142", "169", "105", "94", "117", "5", "139", "136", "76", "50", "108", "86", "42", "115", "65", "35", "62", "42", "32", "17", "23", "28", "17", "1", "1", "0"],
  ["Deborah Canty", "116", "121", "77", "158", "100", "152", "107", "73", "136", "139", "3", "166", "77", "57", "65", "71", "48", "71", "76", "30", "84", "56", "36", "37", "28", "26", "28", "1", "0", "1"],
  ["Jennifer Schultz", "101", "119", "60", "143", "79", "146", "111", "52", "148", "136", "166", "1", "83", "58", "76", "64", "49", "71", "67", "36", "71", "56", "44", "29", "25", "28", "14", "0", "0", "0"],
  ["Rania Major", "123", "112", "54", "149", "59", "158", "118", "32", "156", "76", "77", "83", "12", "89", "48", "48", "76", "47", "99", "75", "49", "31", "19", "16", "11", "14", "19", "0", "0", "1"],
  ["Lawrence J Bozzelli", "137", "165", "84", "125", "67", "124", "100", "55", "135", "50", "57", "58", "89", "4", "40", "61", "125", "30", "46", "88", "15", "17", "37", "21", "23", "19", "13", "0", "0", "0"],
  ["Daniel R Sulman", "130", "87", "115", "119", "130", "111", "88", "91", "59", "108", "65", "76", "48", "40", "4", "76", "40", "65", "19", "37", "20", "13", "33", "18", "17", "13", "13", "0", "0", "1"],
  ["Leon Goodman", "127", "99", "70", "92", "113", "88", "120", "71", "59", "86", "71", "64", "48", "61", "76", "1", "58", "53", "42", "46", "40", "26", "41", "23", "26", "38", "26", "0", "1", "2"],
  ["John Macoretta", "146", "141", "66", "128", "53", "118", "93", "56", "115", "42", "48", "49", "76", "125", "40", "58", "2", "19", "45", "95", "9", "16", "33", "19", "20", "15", "9", "0", "0", "1"],
  ["Lucretia C Clemons", "106", "54", "95", "128", "103", "123", "67", "95", "54", "115", "71", "71", "47", "30", "65", "53", "19", "4", "57", "25", "52", "33", "17", "13", "17", "33", "21", "1", "0", "0"],
  ["Shanese Johnson", "95", "77", "48", "120", "40", "125", "81", "36", "102", "65", "76", "67", "99", "46", "19", "42", "45", "57", "9", "41", "63", "44", "7", "18", "9", "12", "23", "1", "0", "0"],
  ["Henry Mc Sias", "100", "102", "26", "113", "38", "113", "61", "22", "83", "35", "30", "36", "75", "88", "37", "46", "95", "25", "41", "5", "9", "9", "24", "13", "11", "15", "7", "0", "0", "1"],
  ["Crystal B Powell", "55", "40", "26", "80", "55", "64", "64", "40", "64", "62", "84", "71", "49", "15", "20", "40", "9", "52", "63", "9", "2", "50", "11", "20", "15", "15", "31", "1", "0", "1"],
  ["Terri M Booker", "42", "40", "25", "53", "28", "45", "50", "25", "59", "42", "56", "56", "31", "17", "13", "26", "16", "33", "44", "9", "50", "1", "7", "27", "19", "12", "16", "0", "0", "0"],
  ["Leonard Deutchman", "44", "53", "46", "36", "30", "34", "47", "40", "31", "32", "36", "44", "19", "37", "33", "41", "33", "17", "7", "24", "11", "7", "1", "14", "17", "12", "10", "0", "0", "0"],
  ["Bill Rice", "44", "51", "39", "17", "28", "21", "41", "34", "30", "17", "37", "29", "16", "21", "18", "23", "19", "13", "18", "13", "20", "27", "14", "5", "15", "13", "13", "1", "0", "0"],
  ["Jon Marshall", "31", "46", "20", "13", "31", "16", "33", "24", "21", "23", "28", "25", "11", "23", "17", "26", "20", "17", "9", "11", "15", "19", "17", "15", "0", "20", "14", "0", "0", "0"],
  ["Mark J Moore", "35", "34", "18", "28", "27", "29", "36", "25", "22", "28", "26", "28", "14", "19", "13", "38", "15", "33", "12", "15", "15", "12", "12", "13", "20", "1", "8", "0", "0", "0"],
  ["Danyl S Patterson", "24", "28", "24", "27", "36", "27", "32", "32", "22", "17", "28", "14", "19", "13", "13", "26", "9", "21", "23", "7", "31", "16", "10", "13", "14", "8", "1", "0", "0", "1"],
  ["Christian Dicicco", "0", "0", "0", "0", "1", "1", "1", "0", "0", "1", "1", "0", "0", "0", "0", "0", "0", "1", "1", "0", "1", "0", "0", "1", "0", "0", "0", "0", "0", "0"],
  ["Dawn M Tancredi", "1", "0", "1", "0", "1", "0", "2", "1", "1", "1", "0", "0", "0", "0", "0", "1", "0", "0", "0", "0", "0", "0", "0", "0", "0", "0", "0", "0", "0", "0"],
  ["Matthew C Monroe", "0", "0", "0", "2", "1", "1", "1", "1", "1", "0", "1", "0", "1", "0", "1", "2", "1", "0", "0", "1", "1", "0", "0", "0", "0", "0", "1", "0", "0", "0"],
  ["Total", "638", "556", "526", "497", "484", "466", "452", "441", "417", "336", "302", "291", "270", "254", "249", "247", "232", "225", "216", "177", "153", "120", "104", "97", "81", "80", "77", "2", "2", "2"]
]
