[
  ["", "Vikki Kristiansson", "Stella Tsai", "Jennifer Schultz", "Lucretia C Clemons", "Deborah Canty", "Wendi Barish", "Daniel R Sulman", "Zac Shaffer", "Deborah Cianfrani", "Brian Mclaughlin", "David Conroy", "Mark B Cohen", "Henry Mc Sias", "Vincent Furlong", "Rania Major", "Shanese Johnson", "John Macoretta", "Vincent Melchiorre", "Lawrence J Bozzelli", "Mark J Moore", "Leon Goodman", "Crystal B Powell", "Leonard Deutchman", "Terri M Booker", "Jon Marshall", "Danyl S Patterson", "Bill Rice", "Dawn M Tancredi", "Matthew C Monroe", "Betsy Wahl"],
  ["Vikki Kristiansson", "   42", "1,556", "1,126", "1,080", "893", "957", "711", "685", "709", "547", "506", "465", "766", "555", "655", "523", "507", "378", "467", "344", "398", "360", "249", "198", "105", "130", "50", "3", "0", "0"],
  ["Stella Tsai", "1,556", "56", "1,089", "1,048", "937", "1,000", "746", "656", "764", "518", "466", "443", "713", "485", "630", "515", "499", "355", "491", "307", "392", "376", "231", "232", "122", "120", "58", "1", "1", "0"],
  ["Jennifer Schultz", "1,126", "1,089", "80", "877", "943", "983", "507", "468", "662", "454", "371", "506", "488", "364", "551", "504", "358", "264", "316", "505", "326", "391", "240", "272", "141", "78", "90", "6", "2", "0"],
  ["Lucretia C Clemons", "1,080", "1,048", "877", "14", "685", "761", "777", "775", "341", "267", "641", "270", "495", "261", "331", "436", "219", "417", "248", "427", "362", "379", "199", "224", "131", "169", "71", "2", "0", "0"],
  ["Deborah Canty", "  893", "937", "943", "685", "19", "851", "353", "366", "544", "315", "259", "332", "303", "275", "412", "416", "227", "164", "291", "251", "355", "369", "204", "244", "143", "89", "60", "3", "2", "0"],
  ["Wendi Barish", "  957", "1,000", "983", "761", "851", "20", "418", "431", "511", "256", "283", "236", "411", "213", "352", "337", "225", "203", "256", "229", "325", "293", "201", "192", "100", "61", "37", "3", "1", "0"],
  ["Daniel R Sulman", "  711", "746", "507", "777", "353", "418", "13", "829", "180", "290", "527", "288", "387", "256", "168", "143", "220", "422", "206", "178", "262", "140", "158", "61", "76", "104", "41", "2", "1", "0"],
  ["Zac Shaffer", "  685", "656", "468", "775", "366", "431", "829", "17", "156", "241", "550", "289", "340", "217", "158", "138", "175", "412", "175", "171", "285", "153", "136", "58", "81", "128", "44", "2", "1", "0"],
  ["Deborah Cianfrani", "  709", "764", "662", "341", "544", "511", "180", "156", "23", "413", "158", "373", "255", "342", "544", "430", "336", "189", "323", "152", "141", "295", "78", "214", "46", "42", "53", "3", "0", "0"],
  ["Brian Mclaughlin", "  547", "518", "454", "267", "315", "256", "290", "241", "413", "47", "368", "413", "335", "524", "280", "208", "415", "298", "383", "199", "219", "84", "159", "90", "112", "60", "84", "1", "1", "0"],
  ["David Conroy", "  506", "466", "371", "641", "259", "283", "527", "550", "158", "368", "31", "236", "170", "328", "101", "120", "172", "428", "198", "194", "191", "143", "174", "81", "103", "125", "67", "1", "0", "0"],
  ["Mark B Cohen", "  465", "443", "506", "270", "332", "236", "288", "289", "373", "413", "236", "62", "235", "342", "313", "242", "283", "247", "242", "175", "225", "165", "109", "135", "67", "88", "80", "1", "0", "0"],
  ["Henry Mc Sias", "  766", "713", "488", "495", "303", "411", "387", "340", "255", "335", "170", "235", "16", "305", "297", "218", "352", "141", "314", "196", "236", "60", "131", "61", "47", "47", "38", "0", "0", "0"],
  ["Vincent Furlong", "  555", "485", "364", "261", "275", "213", "256", "217", "342", "524", "328", "342", "305", "21", "280", "235", "362", "309", "331", "147", "191", "93", "136", "74", "66", "47", "73", "1", "1", "0"],
  ["Rania Major", "  655", "630", "551", "331", "412", "352", "168", "158", "544", "280", "101", "313", "297", "280", "18", "470", "241", "113", "255", "152", "132", "228", "65", "139", "36", "58", "44", "4", "0", "0"],
  ["Shanese Johnson", "  523", "515", "504", "436", "416", "337", "143", "138", "430", "208", "120", "242", "218", "235", "470", "35", "150", "115", "138", "186", "152", "284", "50", "189", "40", "81", "50", "2", "0", "0"],
  ["John Macoretta", "  507", "499", "358", "219", "227", "225", "220", "175", "336", "415", "172", "283", "352", "362", "241", "150", "37", "147", "373", "171", "177", "58", "150", "58", "71", "30", "62", "1", "1", "0"],
  ["Vincent Melchiorre", "  378", "355", "264", "417", "164", "203", "422", "412", "189", "298", "428", "247", "141", "309", "113", "115", "147", "15", "134", "128", "115", "110", "86", "63", "48", "98", "54", "2", "1", "0"],
  ["Lawrence J Bozzelli", "  467", "491", "316", "248", "291", "256", "206", "175", "323", "383", "198", "242", "314", "331", "255", "138", "373", "134", "13", "137", "194", "44", "171", "42", "81", "30", "40", "1", "0", "0"],
  ["Mark J Moore", "  344", "307", "505", "427", "251", "229", "178", "171", "152", "199", "194", "175", "196", "147", "152", "186", "171", "128", "137", "34", "194", "118", "114", "108", "109", "79", "64", "2", "0", "0"],
  ["Leon Goodman", "  398", "392", "326", "362", "355", "325", "262", "285", "141", "219", "191", "225", "236", "191", "132", "152", "177", "115", "194", "194", "10", "118", "160", "100", "82", "93", "58", "2", "1", "0"],
  ["Crystal B Powell", "  360", "376", "391", "379", "369", "293", "140", "153", "295", "84", "143", "165", "60", "93", "228", "284", "58", "110", "44", "118", "118", "4", "27", "230", "51", "138", "58", "1", "0", "0"],
  ["Leonard Deutchman", "  249", "231", "240", "199", "204", "201", "158", "136", "78", "159", "174", "109", "131", "136", "65", "50", "150", "86", "171", "114", "160", "27", "5", "23", "84", "28", "37", "1", "2", "0"],
  ["Terri M Booker", "  198", "232", "272", "224", "244", "192", "61", "58", "214", "90", "81", "135", "61", "74", "139", "189", "58", "63", "42", "108", "100", "230", "23", "6", "55", "57", "55", "1", "0", "0"],
  ["Jon Marshall", "  105", "122", "141", "131", "143", "100", "76", "81", "46", "112", "103", "67", "47", "66", "36", "40", "71", "48", "81", "109", "82", "51", "84", "55", "5", "40", "46", "1", "0", "0"],
  ["Danyl S Patterson", "  130", "120", "78", "169", "89", "61", "104", "128", "42", "60", "125", "88", "47", "47", "58", "81", "30", "98", "30", "79", "93", "138", "28", "57", "40", "8", "45", "0", "0", "0"],
  ["Bill Rice", "   50", "58", "90", "71", "60", "37", "41", "44", "53", "84", "67", "80", "38", "73", "44", "50", "62", "54", "40", "64", "58", "58", "37", "55", "46", "45", "6", "0", "1", "0"],
  ["Dawn M Tancredi", "    3", "1", "6", "2", "3", "3", "2", "2", "3", "1", "1", "1", "0", "1", "4", "2", "1", "2", "1", "2", "2", "1", "1", "1", "1", "0", "0", "0", "0", "0"],
  ["Matthew C Monroe", "    0", "1", "2", "0", "2", "1", "1", "1", "0", "1", "0", "0", "0", "1", "0", "0", "1", "1", "0", "0", "1", "0", "2", "0", "0", "0", "1", "0", "0", "0"],
  ["Betsy Wahl", "    0", "0", "0", "0", "0", "0", "0", "0", "0", "0", "0", "0", "0", "0", "0", "0", "0", "0", "0", "0", "0", "0", "0", "0", "0", "0", "0", "0", "0", "1"],
  ["Total", "2,218", "2,195", "1,993", "1,826", "1,429", "1,403", "1,303", "1,275", "1,201", "1,178", "1,151", "1,110", "1,068", "1,060", "991", "957", "895", "890", "831", "812", "784", "652", "489", "451", "289", "287", "211", "6", "2", "1"]
]
