[
  ["", "Mark B Cohen", "Stella Tsai", "Deborah Cianfrani", "Shanese Johnson", "Vikki Kristiansson", "Zac Shaffer", "Deborah Canty", "Lucretia C Clemons", "Crystal B Powell", "David Conroy", "Leon Goodman", "John Macoretta", "Rania Major", "Danyl S Patterson", "Daniel R Sulman", "Vincent Melchiorre", "Jennifer Schultz", "Vincent Furlong", "Brian Mclaughlin", "Henry Mc Sias", "Leonard Deutchman", "Lawrence J Bozzelli", "Wendi Barish", "Terri M Booker", "Mark J Moore", "Jon Marshall", "Bill Rice", "Matthew C Monroe", "Christian Dicicco", "Dawn M Tancredi"],
  ["Mark B Cohen", "  268", "332", "355", "368", "447", "356", "466", "251", "280", "324", "389", "364", "302", "326", "162", "113", "217", "197", "158", "149", "240", "134", "115", "149", "128", "69", "66", "3", "0", "2"],
  ["Stella Tsai", "  332", "67", "697", "568", "324", "365", "214", "395", "315", "314", "128", "256", "329", "188", "378", "303", "173", "249", "181", "199", "48", "192", "141", "91", "66", "39", "28", "1", "1", "1"],
  ["Deborah Cianfrani", "  355", "697", "25", "566", "313", "359", "212", "388", "342", "314", "135", "239", "340", "181", "353", "313", "194", "235", "205", "228", "51", "208", "146", "113", "73", "33", "23", "3", "0", "1"],
  ["Shanese Johnson", "  368", "568", "566", "62", "203", "366", "243", "441", "385", "312", "158", "141", "252", "214", "347", "315", "163", "143", "115", "89", "47", "81", "129", "127", "104", "42", "46", "3", "0", "0"],
  ["Vikki Kristiansson", "  447", "324", "313", "203", "26", "281", "375", "110", "141", "244", "288", "452", "318", "229", "80", "35", "136", "223", "182", "211", "227", "208", "106", "51", "46", "25", "19", "3", "1", "1"],
  ["Zac Shaffer", "  356", "365", "359", "366", "281", "12", "306", "314", "278", "502", "315", "225", "65", "345", "352", "341", "88", "61", "40", "25", "227", "27", "76", "35", "50", "26", "17", "3", "1", "0"],
  ["Deborah Canty", "  466", "214", "212", "243", "375", "306", "19", "193", "218", "242", "361", "246", "200", "256", "114", "67", "212", "98", "64", "65", "259", "70", "161", "122", "99", "54", "46", "3", "2", "2"],
  ["Lucretia C Clemons", "  251", "395", "388", "441", "110", "314", "193", "12", "406", "328", "159", "75", "118", "203", "293", "273", "145", "69", "50", "52", "27", "26", "123", "135", "111", "45", "41", "1", "1", "1"],
  ["Crystal B Powell", "  280", "315", "342", "385", "141", "278", "218", "406", "12", "287", "167", "59", "149", "170", "228", "205", "161", "77", "50", "52", "27", "17", "130", "151", "100", "48", "39", "0", "1", "2"],
  ["David Conroy", "  324", "314", "314", "312", "244", "502", "242", "328", "287", "2", "257", "203", "54", "355", "289", "287", "43", "48", "38", "12", "176", "18", "26", "40", "43", "23", "16", "1", "0", "0"],
  ["Leon Goodman", "  389", "128", "135", "158", "288", "315", "361", "159", "167", "257", "17", "251", "122", "265", "102", "81", "136", "103", "91", "68", "241", "42", "128", "116", "107", "44", "46", "6", "1", "1"],
  ["John Macoretta", "  364", "256", "239", "141", "452", "225", "246", "75", "59", "203", "251", "15", "218", "198", "66", "40", "58", "222", "187", "207", "197", "208", "52", "37", "50", "32", "20", "2", "0", "0"],
  ["Rania Major", "  302", "329", "340", "252", "318", "65", "200", "118", "149", "54", "122", "218", "22", "64", "85", "32", "163", "239", "206", "212", "53", "225", "104", "94", "55", "36", "36", "1", "2", "1"],
  ["Danyl S Patterson", "  326", "188", "181", "214", "229", "345", "256", "203", "170", "355", "265", "198", "64", "16", "154", "141", "49", "45", "31", "15", "161", "11", "34", "49", "53", "41", "25", "1", "0", "1"],
  ["Daniel R Sulman", "  162", "378", "353", "347", "80", "352", "114", "293", "228", "289", "102", "66", "85", "154", "10", "309", "84", "52", "44", "36", "45", "34", "75", "30", "39", "28", "20", "3", "1", "1"],
  ["Vincent Melchiorre", "  113", "303", "313", "315", "35", "341", "67", "273", "205", "287", "81", "40", "32", "141", "309", "5", "54", "37", "36", "14", "48", "18", "49", "25", "30", "14", "16", "2", "1", "0"],
  ["Jennifer Schultz", "  217", "173", "194", "163", "136", "88", "212", "145", "161", "43", "136", "58", "163", "49", "84", "54", "14", "59", "60", "85", "76", "61", "175", "108", "83", "31", "38", "1", "2", "1"],
  ["Vincent Furlong", "  197", "249", "235", "143", "223", "61", "98", "69", "77", "48", "103", "222", "239", "45", "52", "37", "59", "14", "178", "194", "33", "183", "56", "41", "47", "29", "21", "2", "0", "2"],
  ["Brian Mclaughlin", "  158", "181", "205", "115", "182", "40", "64", "50", "50", "38", "91", "187", "206", "31", "44", "36", "60", "178", "20", "162", "25", "177", "52", "44", "37", "28", "20", "1", "0", "1"],
  ["Henry Mc Sias", "  149", "199", "228", "89", "211", "25", "65", "52", "52", "12", "68", "207", "212", "15", "36", "14", "85", "194", "162", "6", "41", "197", "59", "43", "44", "16", "6", "1", "0", "0"],
  ["Leonard Deutchman", "  240", "48", "51", "47", "227", "227", "259", "27", "27", "176", "241", "197", "53", "161", "45", "48", "76", "33", "25", "41", "0", "37", "49", "21", "32", "26", "15", "1", "1", "0"],
  ["Lawrence J Bozzelli", "  134", "192", "208", "81", "208", "27", "70", "26", "17", "18", "42", "208", "225", "11", "34", "18", "61", "183", "177", "197", "37", "12", "38", "18", "24", "19", "11", "0", "0", "0"],
  ["Wendi Barish", "  115", "141", "146", "129", "106", "76", "161", "123", "130", "26", "128", "52", "104", "34", "75", "49", "175", "56", "52", "59", "49", "38", "1", "86", "63", "30", "23", "5", "0", "2"],
  ["Terri M Booker", "  149", "91", "113", "127", "51", "35", "122", "135", "151", "40", "116", "37", "94", "49", "30", "25", "108", "41", "44", "43", "21", "18", "86", "13", "87", "35", "40", "0", "1", "1"],
  ["Mark J Moore", "  128", "66", "73", "104", "46", "50", "99", "111", "100", "43", "107", "50", "55", "53", "39", "30", "83", "47", "37", "44", "32", "24", "63", "87", "9", "39", "39", "1", "1", "0"],
  ["Jon Marshall", "   69", "39", "33", "42", "25", "26", "54", "45", "48", "23", "44", "32", "36", "41", "28", "14", "31", "29", "28", "16", "26", "19", "30", "35", "39", "4", "26", "0", "0", "0"],
  ["Bill Rice", "   66", "28", "23", "46", "19", "17", "46", "41", "39", "16", "46", "20", "36", "25", "20", "16", "38", "21", "20", "6", "15", "11", "23", "40", "39", "26", "0", "0", "1", "0"],
  ["Matthew C Monroe", "    3", "1", "3", "3", "3", "3", "3", "1", "0", "1", "6", "2", "1", "1", "3", "2", "1", "2", "1", "1", "1", "0", "5", "0", "1", "0", "0", "0", "0", "1"],
  ["Christian Dicicco", "    0", "1", "0", "0", "1", "1", "2", "1", "1", "0", "1", "0", "2", "0", "1", "1", "2", "0", "0", "0", "1", "0", "0", "1", "1", "0", "1", "0", "1", "0"],
  ["Dawn M Tancredi", "    2", "1", "1", "0", "1", "0", "2", "1", "2", "0", "1", "0", "1", "1", "1", "0", "1", "2", "1", "0", "0", "0", "2", "1", "0", "0", "0", "1", "0", "0"],
  ["Total", "1,284", "997", "980", "971", "758", "744", "729", "685", "650", "644", "629", "622", "598", "544", "526", "438", "421", "407", "361", "340", "331", "324", "307", "287", "243", "129", "100", "8", "4", "3"]
]
