[
  ["", "Shanese Johnson", "Deborah Cianfrani", "Stella Tsai", "Lucretia C Clemons", "Deborah Canty", "Vikki Kristiansson", "Crystal B Powell", "Zac Shaffer", "Leon Goodman", "Rania Major", "Mark B Cohen", "Danyl S Patterson", "David Conroy", "Vincent Furlong", "Daniel R Sulman", "Vincent Melchiorre", "Brian Mclaughlin", "John Macoretta", "Jennifer Schultz", "Wendi Barish", "Lawrence J Bozzelli", "Terri M Booker", "Henry Mc Sias", "Mark J Moore", "Leonard Deutchman", "Jon Marshall", "Bill Rice", "Christian Dicicco", "Dawn M Tancredi", "Matthew C Monroe"],
  ["Shanese Johnson", "  134", "962", "937", "889", "620", "529", "808", "664", "522", "580", "440", "572", "499", "358", "537", "500", "244", "242", "311", "294", "221", "326", "199", "143", "66", "110", "102", "4", "0", "2"],
  ["Deborah Cianfrani", "  962", "103", "926", "648", "500", "657", "562", "528", "428", "627", "413", "365", "385", "431", "421", "420", "399", "371", "361", "309", "355", "243", "358", "127", "70", "89", "76", "4", "1", "2"],
  ["Stella Tsai", "  937", "926", "103", "697", "502", "657", "501", "553", "341", "613", "368", "444", "457", "419", "557", "474", "374", "376", "352", "346", "355", "193", "366", "114", "100", "85", "64", "5", "1", "2"],
  ["Lucretia C Clemons", "  889", "648", "697", "78", "489", "421", "763", "629", "502", "349", "261", "567", "559", "192", "473", "461", "158", "74", "280", "305", "82", "296", "111", "190", "51", "120", "91", "7", "0", "1"],
  ["Deborah Canty", "  620", "500", "502", "489", "109", "533", "483", "386", "536", "443", "514", "341", "276", "308", "242", "189", "217", "213", "424", "368", "168", "290", "132", "155", "215", "114", "102", "3", "2", "1"],
  ["Vikki Kristiansson", "  529", "657", "657", "421", "533", "61", "360", "447", "472", "622", "445", "253", "341", "468", "161", "139", "380", "452", "314", "286", "364", "154", "356", "74", "192", "62", "45", "1", "0", "1"],
  ["Crystal B Powell", "  808", "562", "501", "763", "483", "360", "49", "499", "442", "333", "293", "487", "421", "172", "337", "321", "119", "81", "245", "235", "77", "320", "81", "162", "37", "97", "85", "5", "0", "1"],
  ["Zac Shaffer", "  664", "528", "553", "629", "386", "447", "499", "25", "476", "216", "309", "582", "659", "181", "547", "532", "153", "201", "155", "152", "115", "104", "95", "88", "175", "78", "53", "3", "1", "0"],
  ["Leon Goodman", "  522", "428", "341", "502", "536", "472", "442", "476", "46", "286", "417", "319", "346", "245", "232", "183", "191", "225", "259", "276", "132", "231", "157", "176", "211", "116", "90", "4", "2", "1"],
  ["Rania Major", "  580", "627", "613", "349", "443", "622", "333", "216", "286", "45", "392", "186", "114", "453", "160", "149", "384", "331", "282", "243", "356", "201", "334", "81", "76", "74", "61", "2", "0", "1"],
  ["Mark B Cohen", "  440", "413", "368", "261", "514", "445", "293", "309", "417", "392", "89", "259", "216", "341", "186", "154", "285", "287", "247", "168", "214", "176", "182", "95", "164", "85", "88", "3", "0", "0"],
  ["Danyl S Patterson", "  572", "365", "444", "567", "341", "253", "487", "582", "319", "186", "259", "32", "545", "144", "390", "423", "93", "139", "79", "84", "46", "113", "26", "88", "102", "71", "58", "3", "0", "1"],
  ["David Conroy", "  499", "385", "457", "559", "276", "341", "421", "659", "346", "114", "216", "545", "11", "135", "417", "410", "110", "125", "72", "75", "53", "64", "29", "69", "129", "45", "36", "6", "0", "0"],
  ["Vincent Furlong", "  358", "431", "419", "192", "308", "468", "172", "181", "245", "453", "341", "144", "135", "35", "111", "144", "387", "329", "150", "128", "315", "104", "312", "57", "73", "64", "64", "0", "0", "0"],
  ["Daniel R Sulman", "  537", "421", "557", "473", "242", "161", "337", "547", "232", "160", "186", "390", "417", "111", "13", "463", "114", "103", "156", "144", "103", "80", "81", "61", "79", "68", "38", "3", "1", "1"],
  ["Vincent Melchiorre", "  500", "420", "474", "461", "189", "139", "321", "532", "183", "149", "154", "423", "410", "144", "463", "13", "150", "98", "104", "105", "95", "71", "53", "49", "67", "46", "38", "4", "1", "1"],
  ["Brian Mclaughlin", "  244", "399", "374", "158", "217", "380", "119", "153", "191", "384", "285", "93", "110", "387", "114", "150", "46", "303", "153", "123", "319", "97", "251", "67", "63", "66", "54", "2", "1", "2"],
  ["John Macoretta", "  242", "371", "376", "74", "213", "452", "81", "201", "225", "331", "287", "139", "125", "329", "103", "98", "303", "32", "102", "84", "353", "59", "309", "41", "134", "46", "32", "0", "1", "0"],
  ["Jennifer Schultz", "  311", "361", "352", "280", "424", "314", "245", "155", "259", "282", "247", "79", "72", "150", "156", "104", "153", "102", "9", "346", "109", "177", "140", "116", "120", "70", "53", "0", "1", "0"],
  ["Wendi Barish", "  294", "309", "346", "305", "368", "286", "235", "152", "276", "243", "168", "84", "75", "128", "144", "105", "123", "84", "346", "7", "93", "167", "111", "97", "93", "54", "40", "1", "1", "1"],
  ["Lawrence J Bozzelli", "  221", "355", "355", "82", "168", "364", "77", "115", "132", "356", "214", "46", "53", "315", "103", "95", "319", "353", "109", "93", "13", "48", "296", "47", "85", "36", "26", "1", "0", "0"],
  ["Terri M Booker", "  326", "243", "193", "296", "290", "154", "320", "104", "231", "201", "176", "113", "64", "104", "80", "71", "97", "59", "177", "167", "48", "34", "71", "135", "26", "76", "74", "2", "0", "0"],
  ["Henry Mc Sias", "  199", "358", "366", "111", "132", "356", "81", "95", "157", "334", "182", "26", "29", "312", "81", "53", "251", "309", "140", "111", "296", "71", "10", "66", "73", "33", "16", "1", "0", "0"],
  ["Mark J Moore", "  143", "127", "114", "190", "155", "74", "162", "88", "176", "81", "95", "88", "69", "57", "61", "49", "67", "41", "116", "97", "47", "135", "66", "14", "40", "59", "58", "0", "1", "1"],
  ["Leonard Deutchman", "   66", "70", "100", "51", "215", "192", "37", "175", "211", "76", "164", "102", "129", "73", "79", "67", "63", "134", "120", "93", "85", "26", "73", "40", "6", "41", "15", "0", "2", "1"],
  ["Jon Marshall", "  110", "89", "85", "120", "114", "62", "97", "78", "116", "74", "85", "71", "45", "64", "68", "46", "66", "46", "70", "54", "36", "76", "33", "59", "41", "6", "40", "2", "0", "0"],
  ["Bill Rice", "  102", "76", "64", "91", "102", "45", "85", "53", "90", "61", "88", "58", "36", "64", "38", "38", "54", "32", "53", "40", "26", "74", "16", "58", "15", "40", "1", "1", "1", "1"],
  ["Christian Dicicco", "    4", "4", "5", "7", "3", "1", "5", "3", "4", "2", "3", "3", "6", "0", "3", "4", "2", "0", "0", "1", "1", "2", "1", "0", "0", "2", "1", "0", "0", "0"],
  ["Dawn M Tancredi", "    0", "1", "1", "0", "2", "0", "0", "1", "2", "0", "0", "0", "0", "0", "1", "1", "1", "1", "1", "1", "0", "0", "0", "1", "2", "0", "1", "0", "0", "2"],
  ["Matthew C Monroe", "    2", "2", "2", "1", "1", "1", "1", "0", "1", "1", "0", "1", "0", "0", "1", "1", "2", "0", "0", "1", "0", "0", "0", "1", "1", "0", "1", "0", "2", "0"],
  ["Total", "1,888", "1,692", "1,682", "1,479", "1,395", "1,357", "1,252", "1,223", "1,187", "1,150", "1,130", "974", "901", "891", "866", "822", "796", "729", "721", "655", "636", "602", "573", "356", "350", "268", "216", "9", "4", "4"]
]
