[
  ["", "Marissa Brumbach", "Matt Wolf", "George Twardy", "Jon Marshall", "Sherman Toppin", "Bill Rice", "Betsy Wahl", "Christian Dicicco"],
  ["Marissa Brumbach", "90", "125", "109", "60", "27", "17", "0", "0"],
  ["Matt Wolf", "125", "106", "32", "41", "13", "11", "0", "0"],
  ["George Twardy", "109", "32", "20", "14", "14", "1", "0", "0"],
  ["Jon Marshall", "60", "41", "14", "29", "11", "13", "0", "0"],
  ["Sherman Toppin", "27", "13", "14", "11", "5", "2", "1", "0"],
  ["Bill Rice", "17", "11", "1", "13", "2", "7", "0", "0"],
  ["Betsy Wahl", "0", "0", "0", "0", "1", "0", "0", "0"],
  ["Christian Dicicco", "0", "0", "0", "0", "0", "0", "0", "1"],
  ["Total", "428", "328", "190", "168", "73", "51", "1", "1"]
]
