[
  ["", "Marissa Brumbach", "Matt Wolf", "George Twardy", "Jon Marshall", "Sherman Toppin", "Bill Rice", "Betsy Wahl", "Write In"],
  ["Marissa Brumbach", "  275", "292", "448", "62", "57", "30", "0", "1"],
  ["Matt Wolf", "  292", "231", "97", "76", "30", "32", "0", "0"],
  ["George Twardy", "  448", "97", "102", "26", "12", "11", "0", "0"],
  ["Jon Marshall", "   62", "76", "26", "30", "17", "17", "1", "0"],
  ["Sherman Toppin", "   57", "30", "12", "17", "15", "2", "1", "0"],
  ["Bill Rice", "   30", "32", "11", "17", "2", "36", "0", "0"],
  ["Betsy Wahl", "    0", "0", "0", "1", "1", "0", "0", "0"],
  ["Write In", "    1", "0", "0", "0", "0", "0", "0", "0"],
  ["Total", "1,165", "758", "696", "229", "134", "128", "2", "1"]
]
