[
  ["", "Marissa Brumbach", "Matt Wolf", "Sherman Toppin", "George Twardy", "Jon Marshall", "Bill Rice", "Betsy Wahl", "Write In"],
  ["Marissa Brumbach", "  244", "441", "188", "135", "83", "35", "1", "0"],
  ["Matt Wolf", "  441", "238", "78", "75", "69", "29", "4", "0"],
  ["Sherman Toppin", "  188", "78", "164", "41", "32", "19", "0", "0"],
  ["George Twardy", "  135", "75", "41", "49", "29", "9", "0", "0"],
  ["Jon Marshall", "   83", "69", "32", "29", "58", "15", "2", "0"],
  ["Bill Rice", "   35", "29", "19", "9", "15", "24", "0", "0"],
  ["Betsy Wahl", "    1", "4", "0", "0", "2", "0", "1", "0"],
  ["Write In", "    0", "0", "0", "0", "0", "0", "0", "1"],
  ["Total", "1,127", "934", "522", "338", "288", "131", "8", "1"]
]
