[
  ["", "Vincent Furlong", "Brian Mclaughlin", "Mark B Cohen", "Vikki Kristiansson", "Stella Tsai", "Deborah Cianfrani", "Zac Shaffer", "Jennifer Schultz", "Daniel R Sulman", "Lawrence J Bozzelli", "Rania Major", "John Macoretta", "Wendi Barish", "Vincent Melchiorre", "Deborah Canty", "David Conroy", "Leon Goodman", "Shanese Johnson", "Henry Mc Sias", "Lucretia C Clemons", "Crystal B Powell", "Leonard Deutchman", "Terri M Booker", "Mark J Moore", "Bill Rice", "Jon Marshall", "Danyl S Patterson", "Dawn M Tancredi", "Betsy Wahl", "Matthew C Monroe", "Write In"],
  ["Vincent Furlong", "  147", "624", "413", "474", "306", "376", "320", "213", "280", "357", "321", "352", "198", "331", "195", "222", "181", "166", "183", "112", "68", "89", "68", "55", "68", "52", "33", "1", "0", "0", "1"],
  ["Brian Mclaughlin", "  624", "55", "340", "423", "272", "337", "247", "183", "225", "351", "298", "330", "155", "289", "163", "181", "144", "150", "183", "84", "43", "74", "55", "63", "67", "59", "30", "0", "0", "0", "0"],
  ["Mark B Cohen", "  413", "340", "79", "277", "238", "302", "255", "258", "205", "190", "200", "169", "226", "157", "210", "116", "202", "138", "110", "67", "88", "73", "71", "43", "66", "49", "35", "0", "0", "0", "0"],
  ["Vikki Kristiansson", "  474", "423", "277", "11", "425", "333", "293", "268", "257", "311", "346", "305", "236", "219", "262", "169", "138", "163", "191", "174", "99", "71", "73", "50", "28", "35", "23", "0", "0", "0", "0"],
  ["Stella Tsai", "  306", "272", "238", "425", "35", "334", "160", "248", "153", "210", "253", "188", "219", "120", "234", "115", "123", "169", "185", "153", "97", "61", "76", "45", "22", "44", "20", "1", "0", "0", "0"],
  ["Deborah Cianfrani", "  376", "337", "302", "333", "334", "15", "122", "243", "101", "227", "264", "212", "198", "128", "218", "79", "101", "166", "161", "73", "90", "47", "87", "33", "39", "30", "15", "0", "0", "0", "0"],
  ["Zac Shaffer", "  320", "247", "255", "293", "160", "122", "11", "188", "274", "175", "178", "174", "178", "227", "144", "153", "171", "47", "67", "96", "49", "71", "36", "42", "39", "41", "28", "2", "0", "0", "1"],
  ["Jennifer Schultz", "  213", "183", "258", "268", "248", "243", "188", "9", "162", "95", "141", "79", "265", "80", "270", "103", "143", "99", "62", "122", "100", "90", "98", "56", "43", "53", "24", "1", "0", "0", "0"],
  ["Daniel R Sulman", "  280", "225", "205", "257", "153", "101", "274", "162", "24", "162", "160", "150", "154", "204", "134", "114", "127", "48", "56", "68", "39", "70", "39", "30", "29", "36", "14", "1", "0", "0", "0"],
  ["Lawrence J Bozzelli", "  357", "351", "190", "311", "210", "227", "175", "95", "162", "8", "270", "307", "86", "171", "79", "65", "88", "81", "157", "38", "22", "50", "26", "40", "23", "38", "9", "1", "0", "0", "1"],
  ["Rania Major", "  321", "298", "200", "346", "253", "264", "178", "141", "160", "270", "10", "248", "106", "136", "145", "47", "67", "149", "138", "51", "72", "36", "53", "26", "25", "15", "17", "0", "0", "0", "0"],
  ["John Macoretta", "  352", "330", "169", "305", "188", "212", "174", "79", "150", "307", "248", "12", "58", "157", "58", "63", "87", "85", "159", "32", "27", "46", "29", "39", "24", "27", "11", "1", "0", "0", "0"],
  ["Wendi Barish", "  198", "155", "226", "236", "219", "198", "178", "265", "154", "86", "106", "58", "18", "88", "220", "75", "159", "79", "46", "122", "75", "72", "72", "44", "35", "41", "14", "1", "0", "0", "0"],
  ["Vincent Melchiorre", "  331", "289", "157", "219", "120", "128", "227", "80", "204", "171", "136", "157", "88", "7", "90", "133", "80", "52", "40", "75", "34", "53", "31", "29", "40", "27", "20", "1", "0", "0", "1"],
  ["Deborah Canty", "  195", "163", "210", "262", "234", "218", "144", "270", "134", "79", "145", "58", "220", "90", "6", "106", "117", "107", "57", "113", "106", "73", "89", "40", "36", "36", "30", "0", "0", "0", "1"],
  ["David Conroy", "  222", "181", "116", "169", "115", "79", "153", "103", "114", "65", "47", "63", "75", "133", "106", "19", "78", "40", "25", "93", "48", "49", "42", "56", "36", "41", "35", "1", "0", "0", "0"],
  ["Leon Goodman", "  181", "144", "202", "138", "123", "101", "171", "143", "127", "88", "67", "87", "159", "80", "117", "78", "4", "49", "56", "61", "47", "77", "33", "50", "37", "37", "27", "2", "0", "0", "0"],
  ["Shanese Johnson", "  166", "150", "138", "163", "169", "166", "47", "99", "48", "81", "149", "85", "79", "52", "107", "40", "49", "10", "60", "73", "64", "23", "51", "23", "27", "16", "14", "0", "0", "0", "0"],
  ["Henry Mc Sias", "  183", "183", "110", "191", "185", "161", "67", "62", "56", "157", "138", "159", "46", "40", "57", "25", "56", "60", "3", "45", "15", "33", "12", "31", "11", "17", "12", "0", "0", "0", "0"],
  ["Lucretia C Clemons", "  112", "84", "67", "174", "153", "73", "96", "122", "68", "38", "51", "32", "122", "75", "113", "93", "61", "73", "45", "1", "66", "29", "58", "47", "28", "24", "21", "0", "0", "0", "0"],
  ["Crystal B Powell", "   68", "43", "88", "99", "97", "90", "49", "100", "39", "22", "72", "27", "75", "34", "106", "48", "47", "64", "15", "66", "1", "11", "74", "23", "25", "17", "29", "0", "0", "0", "0"],
  ["Leonard Deutchman", "   89", "74", "73", "71", "61", "47", "71", "90", "70", "50", "36", "46", "72", "53", "73", "49", "77", "23", "33", "29", "11", "5", "17", "33", "18", "22", "9", "1", "0", "0", "0"],
  ["Terri M Booker", "   68", "55", "71", "73", "76", "87", "36", "98", "39", "26", "53", "29", "72", "31", "89", "42", "33", "51", "12", "58", "74", "17", "1", "25", "32", "28", "15", "0", "0", "0", "0"],
  ["Mark J Moore", "   55", "63", "43", "50", "45", "33", "42", "56", "30", "40", "26", "39", "44", "29", "40", "56", "50", "23", "31", "47", "23", "33", "25", "3", "19", "39", "15", "0", "0", "0", "0"],
  ["Bill Rice", "   68", "67", "66", "28", "22", "39", "39", "43", "29", "23", "25", "24", "35", "40", "36", "36", "37", "27", "11", "28", "25", "18", "32", "19", "2", "20", "18", "0", "0", "0", "0"],
  ["Jon Marshall", "   52", "59", "49", "35", "44", "30", "41", "53", "36", "38", "15", "27", "41", "27", "36", "41", "37", "16", "17", "24", "17", "22", "28", "39", "20", "2", "21", "1", "0", "0", "0"],
  ["Danyl S Patterson", "   33", "30", "35", "23", "20", "15", "28", "24", "14", "9", "17", "11", "14", "20", "30", "35", "27", "14", "12", "21", "29", "9", "15", "15", "18", "21", "1", "0", "0", "0", "0"],
  ["Dawn M Tancredi", "    1", "0", "0", "0", "1", "0", "2", "1", "1", "1", "0", "1", "1", "1", "0", "1", "2", "0", "0", "0", "0", "1", "0", "0", "0", "1", "0", "0", "0", "0", "0"],
  ["Betsy Wahl", "    0", "0", "0", "0", "0", "0", "0", "0", "0", "0", "0", "0", "0", "0", "0", "0", "0", "0", "0", "0", "0", "0", "0", "0", "0", "0", "0", "0", "1", "0", "0"],
  ["Matthew C Monroe", "    0", "0", "0", "0", "0", "0", "0", "0", "0", "0", "0", "0", "0", "0", "0", "0", "0", "0", "0", "0", "0", "0", "0", "0", "0", "0", "0", "0", "0", "1", "0"],
  ["Write In", "    1", "0", "0", "0", "0", "0", "1", "0", "0", "1", "0", "0", "0", "1", "1", "0", "0", "0", "0", "0", "0", "0", "0", "0", "0", "0", "0", "0", "0", "0", "0"],
  ["Total", "1,199", "929", "846", "826", "669", "664", "576", "536", "524", "522", "520", "498", "494", "488", "476", "410", "374", "314", "286", "271", "198", "193", "176", "143", "133", "124", "76", "2", "1", "1", "1"]
]
